[[[[  1.14384179e-07  -1.85003540e-11  -6.47809070e-40  -4.75548851e-40
      1.04698211e-05  -9.79560669e-11  -8.15587555e-07   2.75058719e-05]
   [ -5.70197874e-39  -5.05450458e-39   3.72127979e-39   2.43040645e-39
      5.49617284e-40   6.66369828e-39  -3.83837370e-39  -5.98738260e-39]
   [ -3.43319328e-17  -4.95763467e-29  -5.36271177e-39  -8.81945024e-40
      2.90275142e-15   4.73200328e-23   4.86342534e-14   5.28772616e-11]
   [  1.89898897e-09   5.05633458e-13  -6.52367774e-39  -3.85125023e-39
      1.09772591e-05   5.80023334e-13   6.35601927e-09   1.21292283e-06]
   [ -1.22057497e-21  -1.11650961e-33   1.71203780e-39  -8.58249067e-40
      2.21192815e-13   2.23987548e-26   1.30000023e-16  -1.80389991e-13]
   [ -5.34572310e-29  -1.60559352e-36  -1.87263221e-39   7.78477349e-41
     -4.71744202e-30   4.79063638e-30  -4.73239497e-31   5.50293736e-29]
   [  6.49893125e-11   3.32752923e-16  -3.43801572e-40  -2.56249705e-39
      2.23923735e-07  -8.09759845e-16   2.87788082e-09   7.15301553e-07]
   [ -1.45063672e-09  -2.24368897e-14  -6.98743887e-39   5.32241183e-40
      1.61680839e-06   1.69324990e-13   1.71778663e-06   6.86832163e-06]]

  [[  6.08456219e-09  -2.89964414e-10  -8.16550628e-40   3.48260503e-40
      2.55949308e-05  -1.63038805e-10   9.06584148e-07   7.81056042e-06]
   [  1.13229961e-39  -6.76554466e-39  -2.63065621e-39  -3.40841749e-39
      1.76443095e-39  -3.37559628e-39  -1.76071050e-39  -4.68916926e-39]
   [  1.15264072e-18  -4.49865758e-29   5.54974308e-39  -3.35031405e-39
      2.55450801e-15   1.01752849e-23  -1.66928294e-18  -1.06387295e-12]
   [  5.19599901e-08   2.77104643e-14  -6.16740881e-40  -7.00007437e-40
      4.17340061e-06  -3.56145479e-13  -1.43837315e-08  -3.87319432e-07]
   [ -2.15321959e-21   1.18940398e-32  -6.46512869e-39   3.61968005e-40
      1.68269685e-14   1.96843029e-26  -2.11002491e-19   1.30043003e-13]
   [ -1.81948666e-29  -1.98495483e-36  -2.49157733e-39  -2.06184954e-39
     -4.38944374e-30   4.35530437e-30  -2.14865644e-32   9.52695176e-30]
   [  6.16889092e-12   2.14087422e-19  -6.85372837e-39  -5.91034201e-39
     -1.59102825e-07  -4.07522321e-16   2.16432844e-10   1.49314360e-07]
   [  4.18650430e-08  -1.54936203e-11   4.97988123e-39   5.17384056e-39
     -1.22596077e-06   1.12229193e-12   1.22020239e-07   2.64802911e-05]]

  [[  1.68672926e-07   9.30224564e-10  -6.10826001e-39   1.33148017e-39
      4.47058446e-05  -4.98778727e-11  -4.57315355e-06   1.47679311e-04]
   [ -9.76071643e-40   1.17070639e-39   2.72394205e-40  -1.27966576e-40
      4.53767067e-40   1.86737033e-41  -3.49538207e-39  -5.27224814e-39]
   [ -6.02973114e-20  -1.70902825e-29   4.04759596e-39   9.80524969e-40
     -5.98076623e-15   2.60651429e-23  -7.73874767e-19   1.02079871e-14]
   [  7.91367327e-08  -3.80699514e-16   5.52231826e-39   3.91116414e-39
     -9.07301001e-06   2.52636708e-14   4.30029736e-08   2.02666934e-06]
   [  1.17433605e-23  -6.97095113e-33  -3.42470198e-39   4.06864066e-39
     -6.06410335e-14   2.61682326e-26   8.91298608e-18   2.09517638e-13]
   [ -4.25874690e-29  -1.33079956e-36   3.59783661e-39   2.78415584e-39
     -4.71365712e-30   4.79651611e-30  -5.26980136e-31   5.92755135e-29]
   [ -5.87553201e-11  -6.17289653e-18   5.19671535e-39  -5.39884986e-39
      2.34370461e-08   1.55842500e-15  -2.04478760e-11  -3.62868562e-08]
   [  4.81843211e-11   1.08068363e-11  -5.33392209e-39   5.96692504e-40
      1.14241311e-06   9.29805885e-12   1.43873933e-07   1.54311556e-06]]]


 [[[  6.61974031e-09   3.57505518e-11  -2.11063435e-39   3.03406901e-39
     -8.37469725e-06   6.61832977e-10  -5.12185488e-06  -3.42212516e-05]
   [ -5.76989687e-39  -4.69517662e-40  -9.75537748e-40   1.42980088e-40
      8.09940703e-40   2.41908396e-39   4.38525144e-39  -1.65923407e-39]
   [ -5.50975287e-19   8.59659943e-32  -6.54518767e-39   7.77268028e-40
      2.33777214e-14   2.13491920e-23   6.87210848e-19  -2.15486410e-15]
   [  1.57575886e-09  -3.04649562e-14   4.73660461e-39   2.78854751e-39
      1.27132421e-06   1.16869784e-15  -6.57190569e-09  -1.84609098e-06]
   [ -1.03929418e-21   1.82550511e-32   4.98585497e-39  -2.80178277e-39
     -2.29288177e-15   1.36453908e-26   2.24598923e-19  -8.79117814e-16]
   [ -6.55466784e-29  -1.18295939e-36   2.10841469e-39  -3.35619250e-39
     -4.66000379e-30   5.09389286e-30  -5.83355434e-31   4.31943686e-29]
   [  6.03180743e-12   6.58255080e-20   1.02757216e-41  -5.13966990e-39
     -1.22425462e-07  -1.08437719e-15   1.02719122e-09   5.04131322e-07]
   [  5.21808685e-09   2.34056599e-14  -1.72456401e-39  -2.21840401e-39
     -2.65257540e-06  -5.70614206e-15  -1.22923183e-09   6.22133484e-07]]

  [[  5.32021829e-07   1.10221568e-10   8.71772998e-40   1.72361112e-39
     -5.78577565e-05   4.49977056e-10  -5.51122419e-08   3.47383575e-05]
   [  1.04787418e-39  -2.48045102e-39  -4.03489039e-39  -1.24008048e-39
     -1.21931183e-40  -9.76814331e-40  -4.26960088e-39  -1.84356367e-39]
   [ -3.99692276e-19   1.52462543e-29   2.22397277e-40   3.78721929e-40
     -2.02969745e-14   9.76611457e-24   4.93211125e-21  -1.27710133e-15]
   [  1.09001497e-09  -1.09784672e-13   5.02730398e-39  -5.05567186e-39
     -6.73242141e-07  -2.08012128e-15   3.30129968e-09  -2.19021516e-07]
   [  4.70190879e-24   1.89389420e-32  -3.14997742e-39  -9.46997502e-40
      9.09890856e-14   1.54085504e-26  -4.13393980e-16   7.67084150e-14]
   [ -9.09323129e-29   4.60093235e-37   4.39848530e-39  -1.69919210e-39
     -4.53753458e-30   5.10922281e-30  -1.01388316e-31   1.09554569e-30]
   [ -6.73011979e-10  -1.90324167e-18  -5.30271097e-39   3.33874073e-39
     -4.11737702e-08  -9.05556373e-17  -9.33765065e-10  -7.43664188e-08]
   [  4.18394563e-08   1.61266889e-15  -3.05627959e-39   2.47420964e-39
     -2.12264536e-06  -2.88192593e-14   1.34407901e-06   1.25682436e-06]]

  [[  1.31328321e-07   4.99892419e-11  -9.58562418e-40   2.16033140e-39
      1.31898865e-04   4.02827771e-11  -2.72873854e-06  -1.84319448e-04]
   [ -8.54259570e-40  -6.03888172e-39   2.20163187e-39   2.57035245e-38
      4.44745508e-40  -2.23322134e-40  -3.23325799e-39  -1.03307506e-39]
   [ -4.70032924e-19  -5.20494183e-29  -3.56704308e-39  -4.65043456e-39
      2.96897110e-14  -6.70816548e-24   1.90191074e-17   3.89050465e-16]
   [  6.96569413e-10  -5.01663987e-15   5.89291546e-39  -1.08550324e-39
      1.28399748e-07  -2.94295689e-15  -1.01062048e-08  -1.94244308e-06]
   [ -1.45580793e-23   1.89500063e-32  -5.54107324e-39  -2.44967991e-39
      1.39508275e-14   2.28526672e-26   3.94473294e-18  -1.00254955e-13]
   [ -8.33127803e-29  -1.28520530e-36   4.47092963e-39   3.13620125e-39
     -4.73555366e-30   3.57628000e-30  -4.31135123e-31   5.82956003e-29]
   [  9.31687366e-11  -3.37043145e-17  -3.07147107e-39  -6.11740068e-39
      1.89821048e-08  -1.15221137e-16  -3.90598309e-09   4.25790148e-07]
   [  5.98567751e-10   3.71641026e-16  -6.86460945e-39  -8.57747402e-40
     -1.59745525e-06   2.45285183e-13  -4.48447457e-09  -1.63631597e-07]]]


 [[[ -1.08642348e-08   1.10789850e-11   3.52949388e-39   6.29020039e-39
      2.17352863e-06   2.99821634e-09  -3.67430084e-06   4.24099198e-05]
   [  2.40960978e-39   5.04794370e-39  -6.46731471e-39  -1.29100647e-39
     -9.91867079e-41  -5.48269655e-39  -5.66390266e-39   2.06613892e-39]
   [ -4.14450203e-21  -7.85518030e-27   3.44108456e-40  -6.19820375e-39
     -1.50989724e-12   1.27174554e-23  -4.56705803e-21  -5.79136484e-14]
   [ -2.07917150e-09  -2.98984843e-15  -4.02994100e-39   5.97911494e-39
     -3.66805892e-07   1.26520756e-13   2.04068371e-08  -6.62373338e-07]
   [ -7.21912237e-23   2.16596383e-32  -6.02703654e-39  -6.74522723e-39
      3.07822474e-12   1.79443561e-26   1.41483640e-18   3.82190202e-15]
   [ -9.35635650e-30  -1.47689953e-36   6.01487187e-39  -2.75754294e-38
     -4.73281222e-30   5.11286666e-30  -7.32090641e-31   7.04748864e-29]
   [ -3.31717848e-11  -1.13948399e-15  -3.48731059e-39   2.37271639e-39
      2.38228779e-07   3.09376988e-14  -6.57918608e-10  -1.13809648e-07]
   [ -9.36034468e-08  -4.50123879e-14  -4.84416127e-39  -5.44099671e-39
      6.15681529e-07   1.16598774e-13   3.04791783e-08  -3.60544050e-07]]

  [[  7.45299218e-08   3.73469339e-10   2.78271390e-39  -2.06353811e-40
     -2.13787848e-06  -4.92001301e-11  -1.93729576e-07  -4.70073173e-05]
   [  6.13417001e-40  -3.88032297e-39   2.26222541e-39   3.24643440e-39
      1.83647170e-39  -1.89983982e-39  -3.09296419e-39   1.53024735e-39]
   [  5.36445950e-20  -1.10528277e-29  -3.70720655e-39  -1.80587295e-39
     -1.66691222e-14   4.00624210e-23   2.02928368e-19  -1.46464397e-13]
   [  9.41477007e-10  -1.59099113e-14  -8.64323695e-40  -2.88949985e-39
     -2.79708320e-06  -6.52486081e-14   7.45597291e-08  -3.88487507e-07]
   [  3.68727358e-20   2.10210716e-32  -3.59103050e-39  -6.13113060e-39
     -1.28968771e-14   1.59681224e-26   4.40084094e-20   1.49315808e-13]
   [ -5.52657033e-29  -2.31196651e-36   3.49035421e-41  -2.44386452e-41
     -4.72861053e-30   4.93870090e-30  -7.41770225e-31   5.26724506e-29]
   [ -2.44956694e-10  -8.44938423e-19  -4.80691056e-39  -3.09185296e-39
     -1.22462581e-07  -1.35333397e-15   3.25969945e-10   9.06868650e-07]
   [ -1.75577142e-09   1.80049755e-13  -4.41984950e-39  -1.92346571e-39
      9.11396228e-07   8.19328438e-13  -3.68820167e-07   2.03347076e-06]]

  [[  2.52090649e-06  -2.05438444e-10  -5.76609095e-40   3.31240052e-39
      1.96715540e-04  -1.48688117e-10  -2.34289672e-07   1.50253982e-04]
   [  1.42460766e-39   7.37881732e-40  -5.22638224e-39  -3.16628152e-39
     -6.13225024e-40  -6.29362937e-39   5.16986508e-39  -2.00696068e-39]
   [ -2.13810961e-21  -3.07822256e-29  -5.63132807e-40  -6.57286752e-39
      4.82919843e-14   3.89788637e-23   3.26846552e-15   2.04982295e-14]
   [ -1.12630849e-09  -2.93768602e-15  -3.26163428e-40  -4.68364954e-39
     -1.90075878e-06   1.45931253e-11  -1.27383657e-07  -2.91685012e-07]
   [  3.41365419e-20   2.17540967e-32   6.07981365e-41  -6.89187872e-39
     -4.90685075e-13   1.74253920e-26  -4.00078052e-19   3.53607403e-16]
   [ -5.68129653e-29  -2.26000663e-36   4.65858872e-40   4.97433349e-39
     -4.71646288e-30   5.11511157e-30  -6.69000260e-31   4.09184460e-29]
   [ -1.09581972e-12  -1.75848712e-16  -4.44610843e-39  -4.26906558e-39
     -1.49793742e-08  -5.02841109e-16   2.68647327e-09   2.40046631e-07]
   [ -1.21634369e-09  -1.77027826e-13  -5.52156296e-39   3.42141453e-39
     -8.18019430e-07  -6.22926596e-14  -4.83711275e-08  -9.55800988e-06]]]]