[ -5.74861956e-39   1.00933088e-04   1.76837841e-12   2.70879455e-03
   2.81129251e-05   4.52820817e-03   1.43891608e-04   8.92513711e-03
   1.48347060e-13   1.95057574e-03   1.58990424e-05   7.92690180e-03
   1.04261196e-12   3.82550340e-03   5.92055311e-03   1.19476644e-02
   3.10970046e-38   5.41280350e-03  -2.05668576e-39   1.24196550e-02
   9.99634620e-03   7.55269066e-05   2.77549902e-04   6.79925084e-03
   9.61695550e-05   4.65194141e-08   1.61678605e-02   2.89060529e-02
   1.35382536e-04   1.53907575e-02   5.91241223e-05   2.55144667e-04
   7.89193530e-03   2.02840334e-03  -2.79808895e-39   1.34979412e-02
   3.79651777e-09  -1.36220805e-16   6.02431237e-06   2.03807466e-03
  -1.41598400e-25   8.34415900e-04  -5.23660737e-27   1.51727675e-02
   1.63930236e-09   2.02718005e-02   7.94836879e-03   2.05499399e-02
   2.85555758e-02  -6.96405260e-39  -2.36477944e-39   1.88473822e-03
   1.12039712e-03   6.18405102e-06   9.50558635e-04   2.81902589e-02
   2.38715817e-04   2.08598538e-03   4.39199060e-03   3.05290038e-09
   2.82577443e-04   2.19761562e-02  -2.86492668e-40  -2.26386554e-18
   2.40843161e-04   1.91372055e-06   1.04619562e-06   9.48033482e-03
   2.26425414e-04  -2.02289066e-18   1.14100587e-07   8.19945628e-17
   1.49090542e-03  -1.58373631e-39   1.70162302e-02   2.29525263e-03
  -1.39559378e-39   1.54827911e-04   2.12632163e-04  -4.63995846e-39
   7.46320268e-08   1.80783340e-11   1.51973758e-08   6.72936949e-05
   8.01549759e-03  -5.09946524e-41   2.43349465e-08   8.85475194e-04
  -3.16058699e-25   2.89739637e-16   1.40477651e-15   1.97063014e-03
   4.82350169e-03   3.39063234e-04   9.24353953e-03   8.97618756e-03
   1.10990060e-02  -3.58486416e-23   2.69912067e-03   4.61031595e-04]