[[[[ -3.22318594e-09   1.65544975e-06   4.35423182e-08  -2.89043032e-40
     -6.31940793e-08   5.56278548e-13  -1.63729464e-06   1.04563007e-08
      4.24066542e-08   2.58068900e-09]
   [ -1.09321296e-18   7.81057187e-18   6.91830290e-19   6.16701785e-39
      1.37116395e-18   1.20032851e-18   2.27622816e-18   8.12101304e-20
     -9.96934204e-19   1.33047473e-18]
   [  5.05717126e-12   2.63348670e-06   1.91852506e-10  -1.66017855e-39
     -1.55220767e-11   6.66031119e-12  -1.06748335e-08   5.79254635e-13
     -2.81841817e-09  -1.77068374e-10]
   [ -3.89978094e-09  -1.51864442e-05  -6.98926726e-07  -2.75421850e-39
      7.38945971e-07   2.34271769e-10   4.45771974e-07  -1.17703685e-07
      1.55110598e-07  -5.80242450e-08]
   [ -2.95476674e-08   1.07320397e-04  -1.58721059e-06   5.07525305e-38
      1.70420765e-06   2.02896171e-08   3.27468915e-05   4.98593380e-08
     -2.55109080e-06  -3.57129153e-08]
   [ -4.37250691e-07  -4.25279228e-04   1.17468480e-04   2.58390188e-39
      4.09560835e-06   8.95771564e-08  -1.65613455e-04  -1.73627569e-07
      4.03079730e-06   1.16883632e-06]
   [  6.04447769e-06  -1.40153343e-05   2.73296500e-05  -4.22373918e-39
     -1.17858081e-05  -3.66217341e-06  -1.30462475e-04  -2.71652098e-05
     -7.06675273e-05   8.78794310e-07]
   [ -5.64064671e-39  -4.65838133e-39  -7.03181547e-38   2.53141765e-40
      6.95556914e-39  -2.97722899e-38   4.96365420e-39   4.93866484e-39
      5.22066803e-38   1.42062657e-39]
   [  6.06930870e-15  -5.89262306e-10   6.89800647e-11  -1.79218927e-39
     -1.65887970e-09   1.27003622e-15   5.05131659e-10   1.80698962e-13
      2.40592372e-11  -8.02078820e-11]
   [  1.14354099e-12  -2.05342949e-05  -8.10166682e-07  -8.52245904e-40
     -2.34565656e-09  -6.15487383e-11   5.74323531e-06   5.50845869e-10
     -2.56303494e-08  -5.33033262e-09]]

  [[ -1.43732725e-11   1.02331774e-06   2.75316353e-07   1.19404709e-37
      1.92735584e-07   1.52782125e-13  -5.16244896e-08   6.55535670e-09
     -4.12154364e-08  -6.16985218e-08]
   [ -1.07471338e-18   7.84801255e-18   6.37737641e-19  -4.15244392e-39
      1.36247442e-18   1.20069226e-18   1.96118733e-18   8.15075794e-20
     -9.93660844e-19   1.35723112e-18]
   [  1.11822464e-13   2.83911277e-07   1.77119402e-10   3.94128365e-39
     -8.01052469e-09   1.38495498e-12   1.12602005e-09   3.61135851e-14
      5.17653531e-10   7.61970209e-11]
   [  1.99369432e-09  -7.51441403e-05  -6.63488748e-08   3.85987242e-39
     -1.85828512e-07   3.23008426e-11   3.76582170e-06  -5.81782289e-10
      1.40114722e-07  -3.75116059e-07]
   [  4.63178296e-08  -7.20530516e-04   2.88617429e-07  -1.11023084e-37
     -9.18997767e-09  -2.49222580e-08  -3.17993799e-05   2.51473722e-07
     -4.16181820e-07  -3.73478599e-07]
   [ -3.67044186e-06   1.36413393e-04  -1.06491407e-05   2.55489360e-39
     -2.29997531e-05  -4.13752105e-07  -1.88821126e-04   2.44363775e-07
     -9.42676365e-07   2.15449950e-06]
   [ -1.26734167e-05   5.33612678e-04   4.88902224e-05  -1.36466432e-39
      1.58944258e-05  -1.58516841e-07  -7.66919402e-04   7.41377653e-06
     -7.99779718e-06  -4.49126455e-05]
   [ -5.17651704e-39   4.26767549e-39   1.37993847e-39   6.06437134e-39
      6.98276974e-39  -6.88655238e-39  -1.64949925e-39   5.46060088e-39
     -4.82177833e-39   4.50828208e-38]
   [  6.97152627e-15   3.08957276e-10  -1.20885760e-10  -4.91197711e-39
      3.38279071e-10   1.10565445e-15   1.33304594e-08   2.72752388e-13
     -2.89606494e-14  -1.84884719e-09]
   [  7.84490875e-11   3.91146523e-06   2.26556196e-09  -6.21693070e-40
     -1.85352409e-08  -3.65889645e-11  -3.54271037e-07  -6.48548923e-11
     -1.69274775e-10   1.40651863e-07]]

  [[  1.63917662e-08   6.76568902e-07   1.17888396e-06   5.01964728e-39
     -6.00223515e-08   1.70174730e-14  -1.02630402e-07  -7.47876499e-08
      8.57434870e-08  -2.15973746e-08]
   [ -1.08619258e-18   7.71656693e-18   6.83909518e-19  -4.71342153e-39
      1.36764915e-18   1.20105384e-18   2.11160909e-18   1.21690469e-19
     -1.00919953e-18   1.29649663e-18]
   [  2.26133903e-11  -1.63511481e-06  -9.73940151e-10  -1.78818576e-39
     -4.87031215e-09  -1.00163679e-11  -4.97700618e-08  -7.99905715e-12
      2.04749728e-09  -3.63279806e-12]
   [ -1.00435011e-08  -2.76907758e-06   5.34847118e-07   3.99726441e-38
     -2.11937299e-06  -7.14246717e-11   9.02119837e-07   7.95784771e-08
      5.01484410e-10   1.97603697e-07]
   [  1.86564620e-07   1.27253123e-04   3.02527474e-06   3.95729489e-39
     -5.73151624e-08   2.30161952e-08   2.46800232e-06  -1.12607834e-08
     -1.50163135e-06  -7.65033974e-08]
   [  4.43492809e-06   1.62364042e-04   1.04253922e-04  -3.69743250e-39
      7.67237179e-06   1.10536710e-07   9.14018019e-05  -1.38404488e-08
     -2.81971006e-06   1.64751582e-05]
   [ -2.15910768e-06   3.40852857e-04   7.39584448e-06  -1.19706342e-39
     -7.25716291e-06   2.95133447e-07   1.84555567e-04   8.62971035e-07
     -1.26118030e-04  -3.24862449e-05]
   [ -1.29065334e-39  -1.16448183e-39  -6.32987115e-39   2.68436097e-39
      4.48426158e-39   3.76758150e-39  -2.80565596e-39   2.42180108e-39
     -4.94835762e-39  -1.26229666e-39]
   [  1.36448117e-13   9.12074238e-09   2.14467583e-10   2.91578821e-39
     -3.98092583e-12   4.33952237e-16   1.22042557e-10   4.40679258e-14
     -2.66992916e-12   2.09463513e-09]
   [  1.09724188e-10   4.16101693e-06   2.13989035e-10  -5.59631383e-39
     -7.31207539e-09  -7.31495160e-12  -9.46029445e-07   4.95084251e-10
      1.86518068e-09   8.56156479e-09]]]


 [[[  7.23287918e-09   5.09831466e-07   4.26076525e-08   4.51945800e-39
     -1.55503471e-07   4.59998901e-13  -1.62044773e-06  -8.29115478e-08
     -2.23407710e-07  -1.70785682e-07]
   [ -1.10958659e-18   6.62298246e-18   4.39911297e-19   2.61889931e-39
      1.19629652e-18   1.17444551e-18   1.28254064e-18  -1.50558051e-20
     -1.10985780e-18   1.14415157e-18]
   [ -6.17615542e-11   7.33386742e-07  -1.70225558e-08  -5.53898475e-38
      5.24356600e-11   7.54285686e-13  -2.10509432e-09   4.37587510e-12
     -6.42439935e-10  -1.75240013e-11]
   [  1.37031475e-09  -8.13007427e-05   1.32634481e-08   6.65183629e-39
      1.19682582e-07   2.65889394e-11   2.73861247e-06   1.39858741e-07
      3.65334557e-07   4.93890809e-07]
   [ -1.12495201e-10  -5.16708824e-04  -6.09985875e-07  -6.20094049e-39
     -1.43755926e-07  -4.14802992e-09  -2.88813499e-06   4.35188468e-07
      2.57825627e-06  -3.42765460e-08]
   [ -5.26375106e-06   1.93660017e-04   2.39372202e-05   2.58671429e-39
      6.15906129e-06   5.08072766e-08   2.76483217e-04  -1.98352586e-06
      8.00717316e-06  -2.42398346e-05]
   [ -1.78448390e-05  -5.86449984e-04  -1.09802968e-05  -1.24700429e-39
     -9.57827888e-06   4.60675722e-07  -9.13124532e-05  -2.37659733e-05
     -1.39542244e-04   1.53203382e-06]
   [  4.47946354e-38  -3.91867370e-39  -3.49920482e-39   1.38665349e-39
      6.32615211e-39  -1.26697280e-39  -1.73997409e-39   5.54883363e-39
     -1.19737591e-39  -6.50351025e-39]
   [  4.80905497e-15  -2.55163379e-09   1.56959450e-12   1.40312015e-40
      1.10652446e-14   4.98745599e-16   2.60611203e-11   8.48287098e-14
      1.32880691e-14   8.31277928e-12]
   [  2.80651169e-10  -1.13812421e-04  -3.89288296e-10   2.80090136e-39
     -2.61600031e-09   2.38227424e-11  -1.46946050e-07   2.08997686e-09
      3.35089756e-09   1.11893419e-08]]

  [[ -1.04918751e-09   1.95601979e-06   7.93405093e-07  -2.81960028e-39
      1.43833165e-06   1.47947332e-14  -2.38173541e-07   3.19663873e-09
      2.78901133e-08   2.83163040e-08]
   [ -1.09850650e-18   6.47313663e-18   5.22856212e-19   2.42189076e-39
      1.18074221e-18   1.17154035e-18   1.30279158e-18  -2.98729105e-20
     -1.09172765e-18   1.18098168e-18]
   [  2.03089566e-13   1.91852141e-05   1.49948859e-10  -6.22290696e-38
     -1.68644904e-10   8.19024590e-13   1.87376981e-09  -3.88290702e-12
     -6.84264923e-10   2.87868375e-11]
   [ -5.86667648e-09  -2.77266608e-05  -1.68458143e-06   1.89569058e-40
      1.12337671e-06   5.21940303e-11   2.96971712e-06  -5.04054981e-07
      1.13411723e-07   1.79338898e-07]
   [  4.67782568e-09  -9.92827700e-05  -1.55437732e-07   2.80185424e-40
     -1.92760776e-08  -3.19859303e-08  -1.13933565e-05   8.17304535e-09
      4.31691127e-08  -4.27901519e-08]
   [ -2.83552095e-06   5.21920563e-04  -3.67478569e-05  -4.30156590e-40
      8.48036780e-06   4.13708712e-08  -3.55474731e-05  -7.42838756e-06
      7.36317961e-05  -3.23940276e-06]
   [  3.04092100e-05   1.20994123e-03  -1.48500458e-05   2.66494878e-39
      1.77454112e-05  -1.53404505e-06  -9.96435483e-05  -4.42735382e-06
      1.55506295e-05  -2.58239506e-05]
   [  4.94097839e-42  -6.71971799e-39  -3.75435044e-39  -1.16953771e-39
      8.96103743e-40  -2.10208222e-39   3.54230315e-39   4.80060752e-39
      5.71329282e-39   4.35002700e-39]
   [  7.85635730e-14  -1.65289744e-11   6.71194211e-11  -3.10794659e-38
     -1.35315481e-10   3.69060064e-16  -2.16832455e-11   2.31857041e-13
     -4.79424951e-14   1.22011110e-10]
   [  3.61975755e-10   4.20756405e-05   1.64034418e-07  -6.85188006e-39
     -5.00404962e-09  -8.48242310e-12   7.79142706e-09  -5.07616338e-10
     -2.27047039e-08   2.27668906e-08]]

  [[  7.56026464e-10   1.27253616e-05  -1.66228756e-06   6.47512415e-39
      5.41053907e-07   4.52478182e-15   3.76660751e-07  -9.94001859e-09
      1.07674992e-07  -1.65980637e-07]
   [ -1.10682608e-18   6.68818456e-18   4.63013521e-19   5.04019032e-40
      1.19976220e-18   1.17157923e-18   1.03906841e-18  -1.89681432e-20
     -1.08969331e-18   1.20713796e-18]
   [ -1.51748514e-12  -3.67168650e-06  -9.97429136e-12   4.18777205e-39
     -4.43024853e-11   3.13550726e-12  -8.94277777e-11   1.12450441e-13
      4.12289057e-11   3.86755454e-11]
   [  7.40782991e-09   9.12889154e-05   5.97751978e-07  -5.83718162e-39
     -2.62921435e-06  -9.96118077e-10  -2.70431565e-06  -3.20959188e-08
      8.87020875e-08  -1.12015653e-06]
   [ -2.53744776e-08  -6.61943486e-05   2.68153002e-07  -6.11585224e-39
     -8.12812289e-08  -2.49491805e-08   1.16806473e-06  -5.53602746e-08
      6.06165873e-09   6.16056539e-08]
   [ -1.14981799e-06   2.13231440e-04  -1.43311654e-05   1.41975357e-39
     -9.10379313e-05   1.78526047e-08   3.61987986e-05   1.66832081e-06
     -3.65138658e-06  -1.93089207e-07]
   [ -6.80656603e-06   2.24157725e-03  -7.12218680e-05  -5.14294753e-40
      2.22774706e-05  -4.26865086e-08   1.38473159e-04  -2.46269724e-06
     -1.77971506e-05   2.82078490e-05]
   [ -4.47264202e-39   9.15052101e-40  -1.75350082e-39   1.50735574e-39
     -5.95094043e-39  -2.16027534e-39   3.56769328e-39  -3.74459180e-40
     -6.32310849e-39  -2.98349615e-39]
   [  1.94487891e-15   1.20799748e-09   6.19561086e-12   1.70743734e-39
      9.54809409e-12   5.69280309e-16  -5.95115568e-10   3.38315774e-13
      7.57326144e-15   1.55282864e-09]
   [  3.82048559e-10  -5.29171484e-06   6.62718804e-08   4.29898330e-39
      6.07924244e-09   6.66571832e-12  -7.15078954e-07   1.10728327e-09
      9.14886922e-09   1.45155099e-09]]]


 [[[ -2.73372454e-08  -1.84232158e-05  -7.51969012e-08  -8.04320095e-40
     -4.57166493e-07   2.05298912e-15  -2.14411079e-06  -8.35580771e-10
      4.94573937e-09  -8.53568963e-07]
   [ -1.09497413e-18   7.23147017e-18   5.23808659e-19   2.55553400e-39
      1.21385425e-18   1.17932308e-18   1.29243662e-18  -8.35841452e-21
     -1.09934899e-18   1.19579535e-18]
   [ -2.11133997e-12   2.05881156e-06  -9.57059054e-09  -1.03980068e-37
     -1.42709291e-11   1.56925610e-14   4.19534940e-09   1.60322927e-12
     -8.81489673e-12   3.87916869e-12]
   [  5.31522417e-08  -1.37601228e-05  -1.58700698e-06   5.67735933e-39
      4.85975761e-07  -2.01754946e-10  -2.59116587e-06   2.64123834e-08
      4.17447467e-07   1.04239348e-06]
   [ -1.56651030e-08  -3.52273819e-05  -4.33263807e-07  -3.71667933e-39
      1.24586919e-07   1.45229659e-08   5.42369389e-06  -2.51686146e-07
     -3.82555413e-07  -4.88437081e-07]
   [ -1.05609945e-06   4.66757949e-04  -8.64132671e-05   5.97021669e-39
     -1.82414042e-05  -2.16491443e-07  -1.69836610e-04   3.29712890e-07
      2.56364410e-06   5.11895951e-06]
   [ -5.44135162e-07  -1.73808576e-03   2.13091243e-06  -5.85843652e-40
     -5.55988263e-05   4.14908897e-07   2.29454774e-04   4.35039340e-07
      9.06737841e-05  -1.03612520e-05]
   [  6.04938725e-39  -5.91499993e-39  -1.19761693e-39   1.35833465e-39
     -3.81695205e-39  -1.01939699e-39   1.53096762e-39   6.43374380e-39
     -5.33564569e-39   1.16948480e-37]
   [  7.09540594e-14  -1.88777403e-08  -1.14582841e-08  -1.03363278e-39
      4.89923449e-11   9.70889069e-16  -4.65343736e-10   1.25422166e-12
      4.95265330e-12  -6.86199569e-11]
   [ -2.66402211e-09  -1.17397130e-05  -3.43439666e-07   4.48444095e-39
     -4.61410465e-08  -2.16734573e-12   4.33232969e-07  -5.55240368e-11
     -5.51024293e-09  -5.45960233e-07]]

  [[  5.39936806e-08   5.34651372e-06  -5.29663780e-08   1.77096941e-39
     -2.09208920e-07   9.45326716e-15  -1.29241286e-07   7.98903255e-09
      3.87875687e-09   3.34234720e-08]
   [ -1.10191676e-18   7.24266109e-18   5.26825490e-19  -1.17190450e-39
      1.22446553e-18   1.18082100e-18   1.19517983e-18  -1.20544126e-21
     -1.10318793e-18   1.19847831e-18]
   [  3.82314812e-13   1.55781811e-06  -4.24471430e-11   6.03009782e-38
      4.36902216e-11   7.44429854e-13  -2.83675092e-07   3.03097418e-13
      1.65079408e-11   1.72239957e-12]
   [ -4.98281283e-09  -3.54386543e-07   8.66423250e-07   6.50976284e-39
     -1.87825719e-07  -2.49445308e-11  -1.13124510e-10   2.73977889e-07
     -7.79415643e-08   4.25968594e-08]
   [  3.62984061e-08   9.74811846e-05   4.56157068e-07   1.68218314e-39
      2.38481311e-06  -8.86453755e-09  -3.46789748e-05   3.67173811e-08
     -3.71722194e-06  -2.79829493e-09]
   [ -7.11901748e-07  -2.39972578e-04  -8.37159132e-06  -3.99576446e-38
      7.09660935e-06  -2.91089997e-08  -1.26725881e-05  -8.36294305e-07
      3.61136790e-06  -6.48274408e-06]
   [ -2.87653324e-06  -1.26628170e-03   3.39195358e-05  -1.87582997e-39
      1.24476637e-05   1.41427790e-06  -5.60178654e-04   4.53943176e-05
     -7.91774510e-05   6.83546459e-05]
   [ -6.39428884e-39   3.29296731e-40   3.17480422e-38   1.47872020e-39
      6.16193955e-39   5.22080928e-39  -1.34405822e-39  -4.35151518e-39
     -5.94863950e-39  -6.00306313e-39]
   [  3.43691648e-14   1.07489496e-10  -3.35728528e-11  -1.35038929e-39
     -8.54093796e-10   1.38134917e-15   2.09061701e-09   3.92548927e-12
      1.22992597e-14   3.34872685e-09]
   [  2.21260810e-09   1.83272314e-05  -8.21442967e-08   2.12991089e-38
     -3.58818641e-10  -1.55601122e-11   2.49422851e-06  -2.26292562e-09
     -2.11072848e-08  -6.87166413e-09]]

  [[  7.11683299e-08   4.94213623e-07  -1.47147105e-07   6.60811858e-39
      1.68987674e-06   8.19320943e-14   7.05312573e-07  -6.14663165e-08
     -2.46165772e-08  -2.05020090e-08]
   [ -1.10248834e-18   7.42248768e-18   5.47029066e-19   2.30970140e-39
      1.24342937e-18   1.17986561e-18   1.26404778e-18  -7.88721238e-21
     -1.07345430e-18   1.19590671e-18]
   [  1.94752873e-12   2.39193796e-05   4.84642985e-11  -6.21067671e-39
      2.97498692e-11  -7.19716170e-13  -3.32831647e-08   2.89347487e-11
      2.33231323e-10  -1.23823035e-11]
   [ -2.29601298e-08  -3.71223323e-05   5.82846951e-07  -9.06135639e-40
     -6.29164970e-06  -8.23178053e-11   1.46136545e-05  -9.57743929e-09
      1.12236034e-08   1.05838080e-06]
   [  8.10768430e-09  -7.36524598e-05  -2.56013777e-07   2.31466340e-39
     -4.83963618e-07  -9.55811785e-09  -8.44320823e-07   6.61354305e-09
     -1.43794267e-07  -2.75237699e-06]
   [ -9.39905533e-07  -2.49663601e-03  -9.06080968e-05  -5.61873881e-39
      1.01277165e-05  -5.68040157e-08   3.08924209e-04  -4.07812013e-06
     -1.67650114e-06   3.26307259e-06]
   [  1.54713598e-06  -1.94732402e-03   4.53297758e-07  -3.84484209e-39
     -7.03313117e-06   5.64857373e-07  -1.14313021e-04  -2.15518794e-05
      4.43520512e-05   3.54151666e-06]
   [ -3.59487286e-39  -4.33903942e-39  -5.47476100e-40  -4.13345212e-39
      4.55905729e-39   6.98720485e-39  -6.84182182e-38   6.32798361e-41
      5.92294669e-39  -1.95256928e-39]
   [  2.90665391e-15   1.38031808e-08  -4.04893792e-11   3.81383696e-39
      4.58217457e-11   9.83426851e-16   3.94117183e-10  -2.68727401e-12
     -1.07582549e-13   1.82268742e-10]
   [ -1.58609259e-09  -3.66210702e-06  -8.19178581e-07   5.31452756e-38
      2.99465661e-08  -1.47416301e-10   1.19707011e-06  -2.90429902e-09
     -9.92075329e-08  -1.32594060e-08]]]]