[[ -3.75533835e-39   4.41706092e-40  -5.50603097e-39  -2.32713916e-39
    1.44621709e-39  -2.24561162e-39   9.22208532e-41   1.07486038e-39
    2.13386087e-39   4.66700772e-39  -4.77252830e-40  -4.85722137e-39
    4.56439764e-39   6.99527773e-39   5.32273413e-39  -3.99938569e-39
   -5.10174656e-39  -2.98261193e-39  -3.08171456e-39  -6.14392305e-39
    4.33390366e-39  -1.92251703e-39  -2.67128125e-39   4.02853130e-39
   -2.93600951e-38   4.01328377e-39  -2.24204952e-39  -6.01760580e-39
   -3.81123755e-40  -5.11211056e-39   3.54403796e-40   2.71511947e-39
    7.42115055e-40   4.74190432e-39   5.41529970e-39  -6.73713613e-39
    8.62394107e-40   8.40885577e-40   8.35692365e-40   6.21615999e-41
    2.94599180e-39   6.33862366e-39  -8.55509528e-40  -3.67323067e-39
   -2.88058199e-39   5.79398099e-39  -1.04580446e-39  -7.43755976e-40
   -1.95565354e-39  -1.68008960e-39]
 [  2.89822628e-06   4.78572474e-06  -4.12352665e-06  -3.18862277e-07
    6.59836405e-06  -3.54015947e-06   2.77777121e-06  -3.25374435e-06
    4.09538097e-06  -4.61011541e-06  -3.37018469e-06   1.15507100e-05
   -9.83942073e-07   1.02874756e-05  -2.05800952e-05  -4.79527716e-06
    7.17145531e-06   5.28352848e-06  -3.25680116e-06  -3.25733140e-06
   -9.77992158e-07   9.86147643e-06   4.90614957e-06  -7.34412379e-06
   -9.53402434e-07  -1.26744080e-05   1.57755258e-05  -6.04857870e-40
   -8.33698959e-06   5.31286742e-06   1.85838587e-06   1.12649677e-05
    9.89684122e-06  -6.37189532e-06   3.95999132e-06  -3.46578258e-06
   -2.72334910e-06  -4.67931886e-06  -2.19327785e-06   4.76946980e-06
    3.95464258e-06   2.67253927e-06  -7.02534279e-24  -9.89561158e-06
   -9.02993816e-06   2.30751743e-06   2.26041902e-05  -1.05633781e-05
    9.18304920e-07   4.15494333e-06]
 [ -3.25403251e-13   1.79887653e-13  -1.49212999e-13   2.92011966e-13
    1.93651193e-13  -1.10493828e-13   4.69032094e-14   4.24284258e-14
    2.22984337e-13  -2.45764699e-13  -1.13172004e-13   7.79351085e-14
   -1.15765457e-13  -2.26379083e-13  -4.74192408e-13   4.78370978e-13
   -7.09008752e-13   1.80270620e-13   2.01004849e-13  -1.76774990e-13
   -2.38144357e-13   2.86967071e-14  -1.75528347e-13  -5.75821021e-13
    7.24685001e-14  -3.19114283e-13   3.51668401e-13  -5.85285935e-40
   -2.56593629e-13   1.55686052e-13  -3.18687378e-13  -7.00751780e-14
   -3.74623076e-13  -4.62737054e-13   7.33672427e-14  -1.78457563e-13
   -4.15276876e-15   2.25826017e-13  -4.12162763e-13   2.15431690e-13
    8.86491672e-14   8.69890369e-13  -2.20359713e-29  -3.70746626e-14
    3.21787383e-13   1.92043118e-13   5.03115724e-13  -4.27644980e-14
   -1.06733795e-13  -5.13132458e-14]
 [ -9.43627674e-05   2.00475639e-04  -2.80547451e-04   2.00980357e-04
    1.94763183e-04  -2.17494337e-04   7.05968559e-05  -5.18722118e-05
    1.15419301e-04  -2.54445389e-04  -1.43983954e-04   2.96987826e-04
   -4.16461262e-06   4.07855150e-05  -4.59549221e-04   2.24435964e-04
   -9.17845231e-04   1.36685398e-04   8.06453681e-05  -4.66397832e-05
   -3.27453774e-04   3.12124495e-04   1.23179372e-04  -1.64734243e-04
   -1.40221418e-05  -2.80158711e-04   6.40588754e-04   5.33725718e-39
   -2.06362209e-04   1.07174332e-04  -6.64413892e-05   2.74001242e-04
    3.44794535e-04  -2.34340638e-04   1.27721023e-05  -8.67333074e-05
    4.40793665e-05  -1.49699144e-05  -1.13907074e-04   3.98372722e-05
    6.28984853e-05   3.85175081e-04  -1.49467546e-22  -3.30319715e-04
   -3.61854036e-04   1.15320545e-04   5.51896170e-04  -3.52994073e-04
   -3.99195196e-05   8.99471634e-05]
 [ -2.84758585e-06   3.16471187e-06  -3.81991731e-06   2.16830654e-06
    3.14261752e-06  -1.00708760e-07   6.93354991e-07   4.27257760e-07
    6.84896406e-07  -3.97491613e-06  -2.35888206e-06   1.09320285e-06
    7.71676582e-07   4.01560186e-07  -6.97698442e-06   1.73258570e-06
   -1.88382364e-05   1.53511610e-06   3.83944007e-06  -3.19415813e-06
   -2.36398091e-06   3.79412518e-06   9.16501222e-07  -3.75665149e-06
   -3.43790617e-07  -6.47583647e-06   3.02414833e-06  -1.50814327e-39
   -4.80121798e-06  -1.07038136e-06  -2.64610185e-06   1.55859925e-06
   -4.26959696e-06  -2.61466857e-06  -1.51076790e-06  -3.56114970e-06
    1.41736064e-06   6.07501249e-07  -3.34548849e-06  -4.00334898e-07
    1.06834545e-06   5.70172460e-06   5.38617187e-24  -2.14864872e-06
    3.51578450e-07   3.18564389e-06   6.58106956e-06  -4.28342810e-06
   -1.33878370e-06   1.34378593e-06]
 [ -1.58038383e-04   1.68406114e-04  -2.57051870e-04   9.23920161e-05
    1.87096273e-04   1.17614509e-04   5.32230624e-05  -4.85088131e-05
    1.27739040e-04  -2.20380796e-04  -2.22146278e-04   2.77426821e-04
    3.04859896e-06   3.78836441e-04  -6.21652871e-04   1.69956460e-04
   -2.70507822e-04   1.69627412e-04   2.32022139e-04  -1.32403598e-04
   -9.54767384e-05   8.99651350e-05   1.57281756e-04  -2.48086842e-04
    3.48408958e-06  -2.84134003e-04   6.69640140e-04   1.65786500e-39
   -3.31054005e-04   6.45896853e-06  -1.93527187e-04   1.19206496e-04
    1.87254831e-04  -2.42226422e-04  -1.61854230e-04  -2.93915888e-04
    2.18946749e-04   4.31724839e-05  -2.68011179e-04   1.17676056e-04
    1.17475363e-04   1.81069045e-04   1.32511959e-22  -1.80133749e-04
    1.59778239e-04   1.53261004e-04   3.76487413e-04  -3.71049857e-04
   -1.29557273e-04  -1.06623454e-04]
 [ -3.10818041e-06   8.54761674e-06  -1.41775636e-05   1.33939311e-05
    1.21103094e-05  -1.40631082e-05   5.11988947e-06  -3.32790319e-06
    1.12262169e-05  -7.94427888e-06  -1.15057201e-05   1.92704611e-05
   -2.64493997e-06   9.46494129e-06  -2.05784872e-05   1.97099034e-05
   -2.78191078e-06   1.09154980e-05   8.77751881e-06  -2.69676548e-06
   -1.51791246e-05   1.73095832e-05   2.11657766e-06  -1.92408552e-05
    2.05132483e-06  -1.98310117e-05   2.52247282e-05  -3.85720014e-39
   -1.44800642e-05   1.28559332e-05  -2.60458455e-06   1.23369882e-05
    1.72999182e-06  -2.83385325e-05   7.42308566e-06  -9.32467356e-06
    1.41349619e-06   3.39937560e-06  -1.62858978e-05   1.21404701e-05
    4.97860628e-06   3.70194721e-05  -3.38238983e-24  -1.28356096e-05
   -9.20448073e-08   9.56113035e-06   3.26066292e-05  -1.04538931e-05
   -7.05249977e-06  -7.16109662e-06]
 [  8.02530791e-04   2.03398304e-04  -2.58570100e-04   2.62132759e-04
    3.12908960e-04  -1.21891533e-03   1.40293821e-04  -1.96486406e-04
    1.12544520e-04  -1.13333153e-05  -3.05771449e-04   1.12418842e-03
   -5.03521987e-05   1.87180715e-03  -3.94905917e-04   3.65169486e-04
    4.73912945e-03   2.91618926e-04  -2.49067089e-04   1.26233077e-04
   -5.92396595e-04   5.13433886e-04   5.42059366e-04  -7.27759441e-04
   -4.81166571e-05   3.15512385e-04   9.38133744e-04  -3.98339407e-39
   -2.87319301e-04   3.19646031e-04   6.59308862e-04   7.00944918e-04
    9.62805789e-05  -6.09325361e-04   2.89333657e-05  -1.75264577e-04
    5.60716784e-04  -2.43443967e-04  -1.44817168e-05   2.98197439e-04
    1.28870073e-04   3.93169961e-04  -4.80005983e-22  -9.96763469e-04
    2.10291566e-03  -3.92457514e-05   1.62018195e-03  -3.53281095e-04
   -1.34125163e-04  -5.77749568e-04]
 [  2.79787620e-14   1.87991983e-14  -8.98665450e-15   2.00329611e-14
    7.86353370e-15  -3.98029964e-14   7.75561662e-15  -1.45278907e-14
    1.32902383e-14  -5.48945070e-15  -1.10957445e-14   5.00838283e-14
   -2.03190566e-14   2.43615908e-14  -7.52600768e-14   3.69176938e-14
   -2.90098518e-14   1.62516146e-14   1.67653845e-15   2.83332521e-14
   -4.60349735e-14   3.10018192e-14  -4.36069332e-15  -3.61290689e-14
    7.75859140e-15  -2.31956263e-14   4.47696825e-14   5.91790482e-39
   -8.90862244e-15   6.04855453e-14   2.82168494e-14   1.69880996e-14
   -2.52072791e-15  -4.84912776e-14   3.18396974e-14   1.23644584e-14
   -2.71938022e-15   9.56371348e-16  -2.34359617e-14   1.59754632e-14
    1.81171475e-15   8.14569495e-14  -3.19907778e-31  -3.42737415e-14
   -6.02720905e-15   2.31586397e-14   5.54410813e-14  -2.78244343e-14
    2.49354059e-16  -2.92696097e-14]
 [ -1.56187860e-04   1.42677280e-04  -1.16958276e-04   1.47081606e-04
    1.33274603e-04  -6.03836670e-05   4.22663106e-05  -4.71663298e-05
    9.44196800e-05  -1.97494170e-04  -1.04397914e-04   2.04642216e-04
    1.10798546e-05   1.26009414e-04  -4.72290325e-04   8.17429973e-05
   -5.28295641e-04   8.53641905e-05   1.16816016e-04  -4.71679850e-05
   -1.55336544e-04   1.64926460e-04   6.98429867e-05  -1.96614827e-04
   -3.24392786e-05  -2.73816753e-04   4.80710616e-04  -4.52972811e-39
   -2.04923563e-04   6.96425559e-05  -7.22680052e-05   1.95500514e-04
    5.29702229e-05  -1.92356980e-04  -4.51550331e-05  -1.06534171e-04
    3.46172274e-05  -1.88810773e-05  -1.71350795e-04   4.05388273e-05
    7.47378654e-05   2.30730948e-04  -4.13351242e-24  -2.00425318e-04
   -2.33529019e-04   1.13403192e-04   3.69927380e-04  -1.94151988e-04
   -9.21135961e-06  -1.63838431e-05]
 [ -1.75410810e-06   2.45087608e-06  -2.02658362e-06   1.05130039e-06
    1.84973965e-06   6.87580126e-09   5.47688842e-07   2.90095016e-07
    1.08805489e-06  -1.99978172e-06  -1.39577537e-06   5.62888374e-07
    1.12426768e-07  -7.21977528e-07  -4.45992646e-06   2.66340885e-06
   -5.15217880e-06   1.22587562e-06   8.64064191e-07  -1.93396772e-06
   -2.35703646e-06   1.92991047e-06   3.92339700e-07  -3.89839670e-06
    4.62979486e-08  -3.11441477e-06   1.06520224e-06   2.74398482e-39
   -3.43854754e-06   1.94353788e-07  -2.34269078e-06   2.97188393e-07
   -3.00505781e-06  -2.28018030e-06  -6.89372257e-07  -1.57604518e-06
    2.03134232e-06   4.23599943e-07  -2.14014676e-06   6.27855570e-07
    9.73516080e-07   3.94295921e-06  -3.01633441e-25  -1.22476092e-06
    1.45417766e-06   1.82100086e-06   3.78635127e-06  -2.09846621e-06
   -1.20161394e-06   1.04131857e-06]
 [  3.70677997e-04   2.32883613e-04  -2.24278236e-04   2.63805588e-04
    2.73986079e-04  -1.15087919e-03   1.40763572e-04  -1.29277847e-04
    2.15918917e-04  -4.30520849e-05  -1.99432368e-04   8.67784955e-04
   -2.59956560e-05   5.38846885e-04   6.93495349e-06  -2.28788471e-04
    2.48388184e-04   2.91899400e-04   3.31812975e-04   1.77765862e-04
   -5.00946844e-05   3.27172747e-04   1.88647420e-04   1.35674069e-04
   -2.00571576e-05   6.32283991e-05  -1.97774541e-04   4.57796641e-39
   -7.92837527e-05   4.45166224e-05   1.90584571e-04   2.46887881e-04
    7.59043614e-04  -7.39300624e-04   1.98788344e-04   1.11507688e-05
   -5.54049802e-05  -2.44692405e-04  -2.76570179e-04   3.07786308e-04
    5.77082101e-05   3.24717868e-04  -1.14789045e-16  -2.31667451e-04
   -8.20095243e-04   7.99500849e-05   9.47000401e-04   7.20353215e-04
   -6.00285384e-05  -4.01066674e-04]
 [  4.79841488e-14   1.21506917e-13  -9.41267734e-14   1.45685777e-13
    8.92324883e-14  -6.99093886e-13   4.49001865e-14  -4.62651666e-14
    5.90882662e-14  -6.42068728e-14  -9.70549460e-14   2.38200193e-13
   -8.86618795e-14   3.07288320e-13  -5.14666977e-13   2.71235454e-13
   -9.85153690e-13   1.10473838e-13   8.36801636e-15   5.49955962e-14
   -3.10195744e-13   1.33007266e-13  -4.17978572e-14  -1.58993654e-13
    4.98702777e-14  -1.65178201e-13   3.58404793e-13   2.53031623e-39
   -1.01851599e-13   2.40849278e-13   8.71241013e-14   1.17210048e-13
    6.60454544e-15  -3.47961297e-13   9.66141907e-14   3.37348659e-16
   -4.31384664e-14   2.89962214e-14  -1.72913414e-13   8.37775013e-14
    2.75692758e-14   5.28661316e-13  -3.90090249e-29  -2.32401934e-13
   -7.91774822e-14   1.53882359e-13   3.40350957e-13  -1.10524816e-13
   -3.83314257e-14  -1.58399769e-13]
 [ -1.40162781e-04   1.04832208e-04  -1.84025324e-04   9.40919272e-05
    2.17196488e-04  -9.56089134e-05   6.76650234e-05   2.66715269e-05
    1.12179630e-04  -2.21605107e-04  -2.15491236e-04   1.44866222e-04
   -2.02372439e-06   3.00298416e-04  -4.54853056e-04  -8.09392714e-06
   -4.69916296e-04   1.55463786e-04   7.86046512e-05  -8.63205132e-05
   -6.26940237e-05   2.83401721e-04   1.25097340e-05  -9.49663736e-05
   -6.93916299e-05  -2.68093252e-04   1.80558243e-04  -4.97502854e-39
   -2.52127589e-04  -1.63432105e-06  -1.18482996e-04   1.43416662e-04
    7.05783241e-05  -1.84817298e-04  -1.05832376e-04  -1.76111775e-04
   -5.07363256e-05   3.19608007e-05  -3.03867419e-04   8.08805707e-05
    3.22554006e-05   3.68858251e-04  -2.21349157e-14  -2.13206353e-04
    1.72093089e-04   1.34001704e-04   3.70537018e-04  -2.29075376e-04
   -7.87990866e-05   3.21185980e-05]
 [ -1.09423992e-04   1.82645119e-04  -1.44402220e-04   3.56378732e-05
    1.24443774e-04  -1.73432333e-03   9.64601422e-05  -1.25134815e-04
    1.08496446e-04  -1.22831902e-04  -2.09989477e-04   2.91497679e-04
   -6.34201497e-05   1.23835995e-03  -7.23992662e-06  -1.98894413e-05
   -1.44406420e-03   1.82836142e-04  -1.97673915e-04   3.76843527e-05
   -1.33308480e-04   3.31610208e-04   1.79692011e-04  -3.59918398e-04
   -2.62126068e-05  -1.27499734e-04  -5.20897098e-04   2.55698294e-39
   -1.53578454e-04   2.07157194e-04   3.07677765e-05   3.90046451e-04
    3.74692463e-04  -3.58562305e-04   1.82092699e-05  -6.16447796e-05
    1.27662730e-04  -1.48204344e-04  -3.08711169e-04   2.37079381e-04
   -3.47400237e-06   1.17058668e-03  -1.14367717e-13  -7.41162163e-04
    5.75027079e-05   1.01449616e-04   2.75758095e-04  -3.56737291e-04
   -3.16860387e-05  -2.23663665e-04]
 [  1.54310728e-05   3.70195339e-04  -2.23950512e-04   1.75834866e-04
    2.91516917e-04  -6.98963297e-04   1.16409043e-04  -2.63928996e-05
    2.65087030e-04   2.22642775e-04  -3.09593830e-04   1.37754472e-03
   -8.72698511e-05  -1.45246461e-03  -3.67338094e-03   1.97715664e-04
    3.69243580e-03   2.26459000e-04  -1.62592260e-04  -8.05691016e-05
    6.78055163e-04   2.36788954e-04  -1.97288027e-04  -3.77868739e-04
    2.70796627e-05  -2.14307336e-03  -1.53895130e-03   2.54686977e-39
   -6.65593834e-04   2.74179300e-04   4.15429909e-04  -7.64038668e-06
    2.78234784e-03   8.37692001e-04  -2.49067351e-04  -6.63979677e-04
    3.61584593e-04  -2.92125071e-04  -2.51376361e-04   4.72139742e-04
    3.50165414e-04   2.04821234e-03  -5.67986110e-12  -1.97293633e-03
   -3.33652971e-03  -6.19893486e-04  -7.64331198e-04  -1.59452355e-03
   -2.64422008e-04  -5.85782225e-04]
 [  6.37066716e-39   7.74095489e-40   4.24104662e-39   4.27159773e-39
   -9.42810422e-40  -1.07742994e-38  -3.56694919e-40  -4.04753431e-39
   -2.28233124e-39  -1.12178146e-40  -3.49268878e-39   7.29253237e-39
   -8.38262907e-39   1.19057527e-38  -2.47487806e-39   9.17112710e-39
    6.09079142e-39   6.48557643e-39  -6.05068345e-39   5.30783972e-39
   -6.61226502e-39   8.78326871e-40  -2.20169212e-40   6.46825919e-39
    3.10267799e-39   1.39279398e-39   1.24861074e-38  -3.47568402e-39
    3.88549236e-40   5.87138451e-39   1.03086213e-38   1.49447500e-39
    1.12481079e-38  -1.66168957e-38  -1.67773682e-39   6.09412791e-39
   -1.22616054e-38  -4.41434240e-39  -1.87322216e-39  -2.59679383e-39
   -1.80585333e-39   2.08102631e-38  -3.60633408e-39  -1.15244804e-38
    7.81539186e-40   6.10371840e-39   7.32977888e-39  -5.28853964e-39
   -1.47304915e-39  -1.42713561e-38]
 [  6.01592707e-04   1.61097269e-04  -8.21107969e-05  -1.36584858e-05
    1.59760704e-04  -8.86553200e-04   7.30034881e-05  -6.30228387e-05
    8.52884405e-05  -2.41784164e-07  -6.83351245e-05   9.03832086e-04
   -2.67240466e-05   3.34926386e-04  -1.15173997e-03  -1.95770539e-04
   -1.85988715e-03   1.44483944e-04   5.43050810e-05   7.59113100e-05
    1.78061426e-04   2.27045501e-04   1.98888374e-04   7.40630931e-05
   -9.08536549e-06  -1.92744901e-05   2.92712735e-04   1.15575734e-39
   -1.07487613e-04   1.23744147e-04   3.07774550e-04   3.17283819e-04
    4.76407040e-05  -3.56088887e-04   8.70830263e-05  -3.55743177e-05
   -6.67209330e-04   4.11620422e-04  -6.22749722e-05   1.23723934e-04
   -1.24997678e-05   1.12136977e-03  -4.89324812e-17  -4.53442161e-04
    1.48864859e-03  -6.31000730e-05   1.45145159e-05  -1.27298874e-04
    6.23433471e-06  -4.12777474e-04]
 [  4.51225252e-39  -5.62695182e-39  -6.47150740e-39   2.38680785e-39
    1.52525593e-39  -5.98721725e-39  -4.73582128e-39  -4.37532044e-39
    3.30938913e-39   5.77931920e-40  -3.29001618e-39  -3.33914710e-39
    2.47819633e-41   2.91172445e-39  -2.14652160e-39   1.99313267e-39
    2.15434225e-39   2.74594243e-40  -5.31263497e-39   9.70445429e-40
   -1.49711785e-39   2.90462127e-39   4.55495149e-39   7.17096272e-40
    1.88586747e-39  -4.56748750e-39   1.03823464e-39   4.68548945e-39
   -3.12904202e-39  -4.57125279e-39   2.60295674e-39   6.79416758e-40
    1.15474140e-39   1.39755560e-39   5.06394933e-39   6.60585969e-39
   -5.01177619e-39  -3.85193126e-40   3.79149886e-39   4.46478634e-39
   -1.42829308e-39   2.18962134e-39  -1.74975935e-40  -3.63719068e-39
    2.48773918e-40  -2.94657754e-39  -6.42865289e-39   2.00822886e-39
    2.55138055e-39  -2.10631414e-39]
 [ -5.77142520e-04   5.63327165e-04  -6.07979309e-04   6.98410950e-05
    4.60936484e-04  -1.79287803e-03   1.79650000e-04  -1.77792448e-04
    1.80801828e-04  -2.67864700e-04  -4.56370006e-04   3.73415940e-04
    4.26101506e-05   1.55117479e-03   1.47947832e-03   3.42315470e-04
    3.11197015e-03   2.76727253e-04  -6.92184767e-05  -1.01333666e-04
   -1.46292127e-03   7.61680771e-04   1.05653933e-04   2.62580637e-04
   -2.03763149e-04  -1.03962922e-03   3.30119976e-04   4.31501836e-40
   -5.80605411e-04   1.81264797e-04  -7.37537805e-04   7.92095030e-04
    3.63378407e-04   4.76759422e-04  -3.84984072e-04  -2.78800522e-04
    9.11996933e-04  -3.68903420e-05  -2.98617932e-04   1.79471826e-04
    8.90444571e-05   3.34358751e-03  -8.25580489e-13  -1.07106857e-03
    8.14301020e-04   3.98877368e-04   2.61699874e-03  -7.78859714e-04
    1.87916812e-04  -1.20042416e-04]
 [  3.62080027e-04   6.55519136e-04  -4.77092020e-04  -1.38919684e-04
    4.09967499e-04  -6.81316480e-04   1.49643092e-04  -2.93180183e-05
   -2.13263575e-05  -8.83763132e-04  -4.36405622e-04   9.04084241e-04
    1.05451058e-04   9.16506979e-04  -1.54366635e-03   7.10174645e-05
   -2.72455346e-03   2.33051236e-04  -4.69599880e-04  -1.06547363e-04
   -1.03171822e-03   7.83952186e-04   4.49577085e-04   2.42629292e-04
   -2.44654890e-04  -6.40491024e-04   9.65904503e-04  -7.53950422e-40
   -5.85306901e-04   2.45301082e-04   3.65423475e-04   1.32164324e-03
    1.05639941e-04  -2.42052323e-04  -6.06305955e-04  -2.58768967e-04
    1.15983037e-03  -4.98054549e-04  -1.76886140e-04  -1.07825195e-04
    2.41750604e-04   2.84052687e-04   1.49399753e-19  -5.66794130e-04
   -1.17649348e-03   3.31272982e-04   1.88971777e-03  -1.16655102e-03
   -1.06932912e-05   1.86594552e-04]
 [  4.21113009e-06   7.05693583e-06  -4.51530741e-06   2.88133901e-06
    3.08329891e-06  -1.06064390e-05   2.13046974e-06  -2.46379659e-06
   -5.25082484e-08  -1.99279998e-06  -4.45158776e-06   1.34448874e-05
   -1.77318907e-06   1.44018486e-05  -1.46256698e-05  -2.10306439e-06
    6.23514234e-06   2.85077135e-06   3.03215089e-08   4.03503873e-06
   -2.53207645e-06   7.16077648e-06   1.81501071e-06  -4.72558668e-06
    5.16957996e-08  -7.72827480e-06   1.52408375e-05  -3.20088799e-39
   -5.79857351e-06   7.96280256e-06   7.38811150e-06   6.97190399e-06
    6.26370309e-07  -1.05170438e-05   5.15326974e-06  -1.31041634e-06
   -5.88403054e-06  -2.70852570e-06  -6.06355343e-06   3.41840177e-07
    1.37472443e-06   9.76174670e-06   4.61028772e-24  -9.33424417e-06
   -1.92640455e-05   3.39581504e-07   1.27353142e-05  -5.95728670e-06
    1.17615821e-06  -5.42357429e-06]
 [  1.76821432e-05   1.32970617e-05  -1.73116532e-05   1.73801197e-06
    1.51563145e-05  -4.62814314e-05   4.31632361e-06  -5.19885907e-06
   -1.06834580e-06  -3.84251553e-06  -1.68286097e-05   4.29907814e-05
    4.41392604e-06   4.70490377e-05  -2.51332604e-05  -7.54340454e-06
   -1.12278549e-05   6.72712986e-06   6.73118438e-06   5.80580718e-06
   -6.70607869e-06   2.28079698e-05   1.23787459e-05  -6.58365116e-06
   -1.81660812e-06  -2.09288210e-05   3.75675263e-05  -2.68132576e-39
   -1.39097183e-05   1.06195248e-05   4.13068892e-06   2.04921271e-05
    1.91694107e-05  -1.59156189e-05  -8.48797117e-06  -8.34830735e-06
    6.21757181e-06  -1.09475914e-05  -1.41506380e-05   7.19482250e-06
    4.08464530e-06   1.17188947e-05  -5.05730459e-23  -2.83463487e-05
   -2.88768733e-05   1.85074452e-06   5.55315673e-05  -3.46668385e-05
   -5.65833852e-06  -4.75223260e-06]
 [ -5.65980772e-05   5.19068795e-04  -4.10948269e-04   1.30919783e-04
    4.39880823e-04  -1.74670240e-05   1.29595704e-04  -4.20849792e-05
    2.24599033e-04  -3.03504552e-04  -2.44257390e-04   5.89850999e-04
    1.29030916e-04   7.20146461e-04  -2.89562013e-04   1.35315800e-04
   -3.21801170e-04   3.08741670e-04   4.68103972e-04  -1.42607983e-04
   -3.53365380e-04   6.71287125e-04   3.01254215e-04  -1.24268801e-04
   -1.24356287e-04  -5.02896146e-04   5.60226035e-04  -4.45311352e-39
   -4.71624982e-04  -4.80220988e-05  -1.65385682e-05   6.83843391e-04
    6.14987075e-05  -2.93480844e-04  -2.62321875e-04  -1.59279138e-04
    8.67076087e-05  -3.52605784e-05  -1.87523736e-04   1.75015579e-04
    1.50235210e-04   5.24503761e-04  -1.83755505e-22  -4.26786224e-04
   -1.89691695e-04   1.58716124e-04   1.13460154e-03   1.57044677e-04
   -2.07680307e-04   4.20631986e-05]
 [ -3.80709525e-06   6.32844922e-06  -6.90765364e-06   3.05845697e-06
    8.04730280e-06  -1.52854591e-06   2.62841195e-06  -2.07330618e-06
    5.27257998e-06  -5.59069895e-06  -3.93559094e-06   1.27584199e-05
   -2.25619701e-07   1.37221114e-05  -2.32787497e-05   1.29165119e-06
   -1.56062015e-05   4.22797120e-06  -1.58724731e-06  -2.14112447e-06
   -5.64123320e-06   8.31878333e-06   4.30145383e-06  -1.60217242e-05
   -8.02405566e-07  -1.27590138e-05   1.13849801e-05  -1.05594285e-39
   -1.15388621e-05   6.85786517e-06  -5.61204706e-06   1.03738621e-05
   -2.45962201e-06  -7.67198162e-06   8.93522440e-07  -5.35939216e-06
    1.30172357e-05  -2.57856777e-06  -4.51819824e-06   2.44760008e-06
    3.99356713e-06   1.01715732e-05  -6.33608788e-23  -9.02913234e-06
   -1.37491625e-05   3.98652901e-06   2.01361563e-05  -1.24850258e-05
    4.23543355e-07  -3.01275264e-07]
 [ -3.28550720e-09   5.82733284e-09  -6.07044859e-09   6.29434771e-09
    5.84402260e-09   2.37410958e-09   2.25942354e-09  -7.22243099e-10
    4.04114919e-09  -6.31965902e-09  -3.60844510e-09   7.02233116e-09
   -2.20619434e-09   3.28847150e-09  -1.81368520e-08   1.06054632e-08
   -1.12203251e-08   4.83288876e-09  -6.35432706e-10  -1.10694287e-09
   -1.05352225e-08   6.88782542e-09   4.03469619e-12  -9.42817469e-09
    6.43065490e-10  -8.62884875e-09   1.22358026e-08  -1.10832059e-39
   -5.96001204e-09   4.13580281e-09  -1.36336797e-09   7.83658383e-09
   -3.88917787e-09  -1.08967599e-08   4.25884439e-09  -2.19771135e-09
    4.92485075e-09   2.35616793e-09  -7.14998594e-09   2.58981436e-09
    1.67908254e-09   1.78337523e-08  -3.16715944e-27  -7.36146921e-09
    4.75251838e-09   3.37112738e-09   1.97240748e-08  -5.85916604e-09
   -5.38368350e-10   1.28685751e-09]
 [ -2.72667210e-04   2.64025934e-04  -8.56002953e-05   2.86567665e-04
    1.58784576e-04  -6.09628297e-03   1.61705277e-04  -2.12382030e-04
    2.94840313e-04   3.29498027e-04  -2.74059857e-04   1.74889446e-03
   -3.21874075e-04   4.36122413e-04  -2.07732967e-03  -1.43858910e-04
   -8.54922552e-03   3.13383935e-04  -2.73899466e-04   6.55732350e-04
   -5.38937529e-05   3.03139183e-04  -2.49500154e-04   1.09616667e-04
    2.74153513e-06  -8.50423879e-04  -9.94751579e-04  -6.78070110e-40
   -1.50700216e-04   4.66413796e-04  -4.21292207e-04   1.41841557e-03
   -2.70775403e-03  -6.87031017e-04   3.39630642e-04   2.51168152e-04
    3.83255538e-04  -3.01684981e-04  -5.15766442e-04   5.67207928e-04
   -5.61670982e-04   1.70672499e-03  -7.36907271e-11   4.81220806e-04
   -3.67013947e-03  -9.87382373e-04   3.00755934e-03  -1.48180488e-03
    9.76101728e-05   2.57167500e-03]
 [ -2.69650738e-03   1.61088479e-03  -4.58182883e-04   5.08667144e-04
    3.28088005e-04  -2.15984997e-03   2.81639863e-04  -4.53225162e-04
   -1.28931788e-04  -2.97884108e-03  -4.00618941e-04   1.99523661e-03
   -1.56218375e-04   7.18568126e-03  -8.32566805e-03   1.69994273e-05
   -6.50246721e-03   2.31328027e-04  -2.48506991e-03   5.63383626e-04
   -2.03137635e-03   1.66887022e-03   9.63820145e-04  -1.70844170e-04
   -1.79667550e-04  -1.64921547e-03   1.41589646e-03  -4.08073387e-39
   -1.37017504e-03   1.17958116e-03   4.23397450e-03   5.15873369e-04
   -4.11578314e-03  -1.43142568e-03  -2.50928366e-04   4.01537865e-04
   -1.19033863e-03  -1.18632999e-03   3.86250234e-04   3.20377265e-04
    2.32248240e-05   2.07675993e-03  -2.54862173e-11  -3.74483177e-03
   -7.47988187e-03   2.72377068e-03   6.87552243e-03  -1.98064512e-03
    1.60256546e-04  -2.26147682e-03]
 [ -1.54875602e-06   1.65928832e-05  -1.48534491e-05   9.27134442e-06
    9.37406730e-06  -6.88991918e-07   4.91229048e-06  -1.62761239e-06
    3.75537252e-06  -1.16221736e-05  -9.85186489e-06   2.08414313e-05
    1.02787737e-06   4.42852297e-06  -3.99738055e-05   2.06869427e-05
   -1.96841975e-05   9.61482419e-06   3.35875520e-05  -4.01516490e-06
   -1.69093364e-05   1.71150277e-05   1.01693231e-05  -1.28249048e-05
   -2.89269997e-06  -2.48472334e-05   1.67589715e-05  -3.31169427e-39
   -1.95340544e-05   1.22299143e-05  -9.53489598e-06   1.27185831e-05
   -3.24645953e-06  -1.39502140e-06   1.06495168e-06  -1.19709748e-05
    1.12174021e-05  -2.19277308e-06  -1.54897243e-05   5.52026222e-06
    2.96814096e-06   2.95725440e-05   8.54202017e-24  -2.22105155e-05
    7.45523494e-07   1.40545289e-05   3.39118560e-05  -2.24743271e-05
   -2.37536392e-06  -2.84530984e-06]
 [  1.04258070e-03   1.00708008e-03  -7.76595960e-04   2.07232570e-05
    4.32655390e-04  -2.55599432e-03   1.81705065e-04  -1.90744628e-04
   -2.43365012e-05  -1.52097107e-03  -6.31665229e-04   1.30596897e-03
    1.73305569e-04   2.67920550e-04  -1.49437890e-03  -1.49344953e-04
    3.28634912e-03   2.58599815e-04   9.78138298e-04  -1.71687745e-04
   -1.48027739e-03   1.21091295e-03   6.17186481e-04   3.22275260e-03
   -3.12735472e-04  -1.42494659e-03   3.32671357e-03  -5.47077991e-39
   -8.33029975e-04   1.79076815e-04  -1.65913021e-04   7.39159877e-04
   -2.04975158e-03  -9.86856641e-04  -4.41601267e-04  -6.32580137e-04
    8.01883289e-04  -1.68201266e-04  -1.93357599e-04  -2.62788526e-04
    3.62506020e-04   3.16514331e-03  -3.96409251e-12  -1.37449929e-03
    1.83605962e-03  -1.77970447e-04   2.46355147e-03  -1.68184633e-03
   -1.46827893e-04  -2.70978053e-04]
 [ -5.11484131e-07   1.11363090e-06  -3.16788828e-06   2.90215758e-06
    2.29544412e-06  -7.82704137e-06   1.38648591e-06  -2.96270696e-06
    6.82884661e-07  -2.47197568e-06  -3.05290246e-06   1.10384763e-05
   -1.47352739e-06   1.04483097e-05  -1.24238486e-05   1.28480417e-06
   -1.56807801e-06   2.14017177e-06  -5.62183800e-07  -6.65101965e-08
   -4.65146013e-06   5.81928180e-06   6.18483796e-07  -2.77235858e-06
   -2.28258713e-07  -5.48180060e-06   8.05962009e-06  -2.64309833e-39
   -1.71768056e-06   5.34920855e-06  -2.37118479e-06   6.11334781e-06
    8.46671719e-06  -7.31364526e-06   4.91367109e-06  -1.64423807e-06
   -6.95692188e-06   6.46065246e-08  -4.39201085e-06   2.70313512e-06
    7.15346971e-07   8.71149587e-06  -4.58605471e-24  -6.14650298e-06
   -1.61953740e-05   4.47924231e-06   1.09258772e-05  -5.32812601e-06
    8.85956240e-07  -5.88075136e-06]
 [ -5.55683300e-06   1.06861535e-05  -1.48588979e-05   3.60643025e-06
    4.94188544e-06  -1.31718252e-05   3.74616752e-06  -6.58740009e-06
    2.04835646e-06  -1.18520757e-05  -1.49936195e-05   2.34827658e-05
   -2.41873545e-06   1.59546616e-05  -5.07655968e-05  -3.72524551e-06
    4.23581378e-06   5.07477125e-06   1.45817762e-06  -7.96272434e-06
   -7.01716544e-06   1.93612341e-05   8.74884790e-06  -3.15889156e-05
    1.14465479e-06  -3.13092169e-05   1.30331136e-05   2.69063598e-39
   -1.45068798e-05   1.44195674e-05  -4.27443138e-06   5.15326747e-06
    1.11711142e-05  -2.14521933e-05  -1.66400787e-06  -1.10614665e-05
   -7.59127670e-06  -8.80322114e-06  -1.72148029e-05   1.34985321e-05
    2.52236805e-06   1.81340056e-05  -8.25513592e-24  -1.09674129e-05
   -2.42929473e-05   1.77423644e-05   1.45368413e-05  -1.72384844e-05
   -3.87993259e-06  -1.09318626e-05]
 [  3.82985832e-04   4.59556235e-04  -2.01140516e-04   5.65359696e-05
    3.03044071e-04  -8.94861645e-04   1.14766386e-04  -1.53639394e-05
    1.28696527e-04   2.19160338e-05  -2.70661345e-04   7.35681795e-04
    9.33010888e-05   9.81662306e-04  -1.84392196e-03   7.15094211e-05
    8.92515527e-04   2.17443056e-04   2.42433627e-04   8.06043754e-05
   -4.72348649e-04   4.61192016e-04   3.47697787e-04   1.39218182e-05
   -7.18082229e-05   8.45189672e-04   2.31627631e-03  -8.49053746e-40
   -2.79914413e-04   1.16963674e-04   1.79104114e-04   1.28502012e-04
   -1.94509397e-04  -2.70027638e-04  -2.12029569e-04  -1.86553778e-04
    1.23032404e-03  -2.39920992e-04  -6.80498124e-06   7.48228049e-05
    1.08007014e-04   2.63167749e-04   8.87879534e-22  -1.22286772e-04
    1.66091719e-04  -1.46045888e-04   5.94937999e-04  -9.58512013e-04
   -2.06231663e-04  -3.11249489e-04]
 [ -6.27465051e-05   2.29440921e-05  -9.17107463e-05   6.51213340e-05
    7.33195702e-05  -2.25980781e-04   5.54003054e-05  -5.42290836e-05
    4.47265120e-05   1.05776180e-05  -4.04791172e-05   6.47630877e-05
   -3.50827686e-05   1.97250047e-04  -1.39669006e-04  -7.21011602e-05
   -3.00969317e-04   8.06814642e-05   4.07241547e-04   5.49290344e-05
   -1.81000050e-05   1.02402373e-04   3.74579504e-05   1.74928893e-04
   -1.48190984e-05  -1.33816604e-04   3.17979138e-04  -1.94573795e-39
   -3.34470787e-05   1.66957267e-04  -1.57120576e-05   1.06296495e-04
    1.55117406e-04  -1.32578862e-05   9.14942793e-05   3.07836945e-06
   -2.15350417e-04  -5.53959580e-05  -6.03972949e-05   8.80371590e-05
    9.42657698e-06   2.15335138e-04  -1.23341364e-16  -2.41965216e-04
    1.14808354e-04  -9.51556831e-06   1.75473528e-04  -2.55623308e-04
    5.98548613e-05  -2.48878405e-05]
 [ -2.29341691e-39  -5.49987507e-39  -5.34285817e-39   1.27867924e-39
   -3.25554143e-39   2.20973557e-40   4.39722413e-39  -5.27865208e-39
    4.05858495e-39  -5.43304434e-40   2.58550917e-39   4.43536608e-39
    1.27559358e-39   5.00586691e-39   6.41212597e-39   2.76071772e-39
    5.21074656e-39  -2.86640085e-39  -4.28201778e-40  -4.99646140e-39
    2.74650155e-39   2.35281375e-39  -5.22752150e-39  -3.11972899e-39
   -6.98011848e-39  -4.68009445e-39  -3.21258883e-39  -3.19633798e-39
    1.00971121e-39  -2.07780613e-39   4.70139699e-39   9.88788426e-40
   -6.31515192e-39   5.74075127e-39  -3.88774564e-39  -5.43167807e-39
    3.17917487e-39   5.86013209e-39  -5.73353458e-39  -3.42685017e-39
    3.36880138e-39  -6.68565243e-39   3.97226076e-39   6.18424121e-39
    2.17862675e-39   1.71136518e-39   4.55958838e-39   4.97265474e-39
    3.78127218e-39   5.71693480e-39]
 [  2.03513633e-03   3.15808720e-04  -1.92321095e-04   1.93884771e-05
    1.44388905e-04  -1.22712390e-03   2.34853942e-04  -3.24690365e-04
    1.45213067e-04  -2.58277869e-04  -1.33613299e-04   9.46432177e-04
   -3.00891988e-04  -2.76997162e-04  -2.26046098e-03   4.17186064e-04
    2.72079604e-03   3.09670548e-04  -7.29467953e-04   8.12995480e-04
   -7.65225908e-04   5.37566026e-04   2.18421730e-04   1.17711641e-03
   -6.89225344e-05  -2.34020263e-04   2.84772599e-03  -3.02380731e-39
   -7.67104211e-05   7.65121076e-04   1.21001329e-03   2.92977813e-04
    2.23370432e-03  -1.18571473e-03   3.31526477e-04   7.57422531e-04
    1.00402813e-03  -6.68345776e-04  -4.30171232e-04   5.39765344e-04
   -2.06689976e-04   1.50243996e-03  -6.52703049e-15  -4.88401507e-04
   -3.09287990e-03  -9.97452182e-04   2.81520560e-03   1.38832594e-03
    2.72578793e-04  -1.01526361e-03]
 [ -1.39041612e-10   3.33701289e-10  -1.96418992e-10   1.04684816e-10
    2.71229622e-10  -3.67966463e-10   1.55614535e-10  -1.09155206e-10
    9.90068652e-11  -1.75649162e-10  -2.60306221e-10   7.67142960e-10
   -2.55570870e-10   1.74584722e-10  -1.55447788e-09   2.11854992e-10
   -9.41978495e-10   2.85759638e-10  -2.19893929e-11  -1.11874066e-10
   -6.11938444e-10   6.40754727e-10   4.10558601e-11  -1.01777531e-09
    8.02348257e-11  -4.30324776e-10   1.92568003e-10  -5.94414133e-39
   -5.04921105e-10   7.07310044e-10   7.17126150e-11   5.13135534e-10
   -9.96270705e-11  -6.03374739e-10   1.35460587e-10  -1.57318047e-10
   -3.43141182e-10   1.46395361e-11  -3.00965447e-10   1.64997196e-10
    1.66610545e-10   1.20497956e-09  -1.33183186e-26  -3.36036338e-10
   -2.61466595e-11   4.86935992e-10   1.44869472e-09  -5.99373606e-10
   -1.00400695e-10  -1.67718617e-10]
 [  2.76639130e-19   1.98540579e-28  -1.32482542e-28  -6.19492942e-24
   -2.77204369e-28  -2.26236253e-16   2.38352894e-29  -5.32218414e-27
   -2.90916774e-28  -7.21509539e-24  -1.41573714e-28   2.61567209e-27
   -1.96270582e-28   1.61181238e-17   4.62848589e-20  -1.17609947e-23
   -6.34604019e-16   7.45716463e-29   8.75375959e-26  -6.35383640e-26
    2.36918507e-22  -9.96128734e-30  -9.38574514e-29   3.76387018e-20
    4.01184057e-29   4.73487391e-22   2.85237220e-21   1.16353735e-39
    1.44207271e-26   3.86318291e-28  -5.72225312e-22   1.65426104e-26
   -8.49938988e-19  -3.07902473e-20  -5.10595276e-28   1.65519720e-26
   -1.25201670e-20  -1.40546912e-21  -2.34207675e-25   6.08748539e-29
    2.08771849e-23  -1.03631344e-20   4.25037922e-32  -9.99633876e-20
   -1.56134228e-17   5.17533047e-20  -2.30710336e-22   6.22201790e-27
    5.87897675e-28  -1.50042395e-18]
 [ -1.98279508e-07   7.33578304e-07  -6.59647185e-07   3.83513225e-07
    5.25133828e-07  -3.09850599e-08   2.44492668e-07  -2.21972826e-07
    3.08288406e-07  -4.60461536e-07  -2.69316672e-07   7.83688847e-07
   -1.27274745e-07   7.65323989e-07  -1.36164783e-06   7.04351294e-07
   -4.13491136e-07   3.86440860e-07   2.09330047e-08   7.50306270e-08
   -5.13066425e-07   1.13591011e-06   3.01082792e-07  -7.45124623e-07
   -2.37489175e-08  -1.12723296e-06   5.63543836e-07  -4.00112050e-39
   -6.98521490e-07   6.61915237e-07   8.65160388e-09   3.58005593e-07
   -1.48786498e-07  -9.53655274e-07   5.88903504e-07  -3.85585793e-07
    3.32600621e-07  -8.12241936e-08  -6.96611266e-07   1.37772872e-07
    1.86100650e-07   1.56634894e-06   4.09435031e-25  -4.50331441e-07
    2.62954103e-10   4.46030811e-07   9.93031108e-07  -6.43741828e-07
    3.97107698e-08   8.27644726e-08]
 [ -2.69790035e-05   1.49222047e-04  -1.92270672e-04   4.82105315e-05
    1.32839952e-04  -1.38112504e-04   3.20324580e-05  -2.90575972e-05
    2.73050864e-05  -8.17110704e-05  -1.29761218e-04   2.16566812e-04
    1.22851934e-05   2.59377295e-04  -2.24639763e-04   1.26885876e-04
   -2.37728324e-04   6.71357047e-05  -1.11698726e-04  -2.97571187e-05
   -3.67866487e-05   2.11915642e-04   1.55569156e-04  -6.96476272e-05
   -3.31051342e-05  -7.15596107e-05   2.44321622e-04   1.70125621e-39
   -2.08959100e-04   1.16065166e-05   3.81487189e-05   2.09668113e-04
    2.83034096e-05  -1.53526213e-04  -7.22715413e-05  -6.02658438e-05
    1.17221709e-04  -1.10497167e-04  -8.42268055e-05   9.53991184e-06
    7.68228929e-05   1.04496801e-04  -3.81803741e-18  -2.24275020e-04
    1.83769123e-04   5.41099362e-05   2.13808889e-04  -2.75763276e-04
   -4.24045684e-05   8.29971177e-05]
 [ -4.79279528e-39   1.14540175e-39  -2.80237132e-39  -3.28395276e-39
    5.86216397e-40  -9.41260865e-33   2.46807896e-39   1.25495386e-39
    8.30283353e-41  -5.70737234e-39   4.91438034e-39  -2.97961876e-39
   -2.82548574e-39   2.21670003e-39   1.31064286e-39  -1.59394337e-39
    1.14438802e-33  -3.47914383e-39  -5.76445423e-39  -9.01441289e-41
    1.52157752e-39   3.24510036e-39   3.62001216e-39   2.14614045e-39
   -4.94817966e-39  -2.30951783e-39   4.30111748e-40   3.73967884e-39
    1.75421969e-39   5.37613060e-39  -2.92010982e-39   2.34746500e-39
    6.44821501e-39   1.60780362e-39   1.63863639e-40  -5.30531879e-39
    5.43268281e-39   3.35531529e-39   2.56384650e-39   2.15652547e-39
   -3.57532475e-39   3.94083524e-39   5.75221949e-39   3.57622438e-39
    8.40795782e-38  -5.45931869e-39  -4.36522689e-40  -5.97429587e-39
    7.88929634e-40   1.57737722e-39]
 [  2.06987738e-06   3.71958813e-05  -5.05546595e-05   2.47249718e-05
    4.50548505e-05   7.81440904e-05   1.43495599e-05  -2.23125335e-05
    1.62946435e-05  -3.82213293e-05  -4.04569691e-05   1.11274123e-04
    5.32590366e-06   7.92826904e-05  -1.24774670e-05   2.36935193e-05
    4.53853630e-04   2.66956613e-05   1.05049385e-05  -2.05139640e-05
   -4.21667610e-05   6.07193651e-05   5.65964874e-05  -3.43706633e-05
   -2.54424831e-05  -7.05066414e-05   1.90269086e-04   5.15301306e-39
   -4.20327997e-05   1.34679867e-05  -9.25368795e-08   7.11246539e-05
    1.02652455e-04  -5.16932741e-05  -1.66126829e-05  -3.93330374e-05
    1.38902091e-04  -1.74436373e-05  -2.89536565e-05  -1.22774863e-05
    5.15010061e-06   8.06520184e-05   7.54370881e-24  -7.73030551e-05
   -2.51161662e-04  -1.50079950e-05   5.81275308e-05  -1.24321916e-04
    9.86469240e-06  -4.25247963e-05]
 [ -2.26032946e-39   4.31444383e-40   1.01160717e-39   6.36823450e-39
    2.54700289e-39  -8.88220293e-29   5.96520145e-39   1.93006443e-40
    6.31195555e-39  -2.93588844e-40  -4.73995231e-39   3.42162193e-39
   -3.53498557e-40  -1.31760193e-37   1.82582744e-39  -2.04949990e-39
   -2.27005902e-30  -2.47959483e-39  -8.51176713e-40  -1.73455106e-39
    4.05447494e-40  -4.21735907e-39   2.87406315e-40   2.20244322e-39
   -5.78269774e-39   5.78570492e-39  -9.10060676e-40  -4.83832206e-39
   -5.33465217e-39   5.74717202e-39   1.22421778e-39  -5.67251784e-39
   -1.14034261e-37   9.87394835e-39   4.70317523e-39  -3.58610214e-39
    7.82693856e-40  -1.56174994e-39   3.94094454e-39   3.26719323e-39
    9.84598544e-40  -6.60506235e-40  -4.89783521e-39   2.82051247e-37
   -2.24354350e-36   3.52836163e-39  -6.65982229e-39  -2.63537998e-40
    7.19531729e-40   1.69151438e-38]
 [  5.49132063e-04   2.05353790e-04  -4.29990469e-04  -4.87581965e-05
    1.89296479e-04  -1.61733781e-03   1.54903973e-04  -3.42803251e-05
    8.69229989e-05  -6.02978049e-04  -3.53255222e-04   1.25045108e-03
    8.30644785e-05   9.36029304e-04  -2.69595557e-03  -3.21489119e-04
    9.41595863e-05   1.60785974e-04  -3.42777785e-04   2.76866165e-04
   -1.09690230e-03   7.08073843e-04   4.07143671e-04  -6.11265481e-04
   -1.03106308e-04  -6.81729725e-05   8.03275325e-04  -5.68268566e-41
    1.11837886e-04   4.32171160e-04   3.42334213e-04   6.03438471e-04
    2.68912571e-03  -8.55462393e-04  -3.86430882e-04   2.00183022e-05
    7.69909588e-04  -5.25516050e-04   1.49449159e-04   4.49839688e-04
   -6.32955707e-05  -1.74851768e-04   2.93804152e-18  -1.04761834e-03
   -3.09523288e-03  -6.47738401e-04   6.33934920e-04  -1.57832995e-03
   -1.27169173e-04  -9.74720053e-04]
 [ -8.15785287e-11   2.66739797e-10  -2.01535733e-10   2.05265818e-10
    1.43039386e-10  -7.22207086e-11   6.16628901e-11  -5.16133525e-11
    4.99594047e-11  -3.13486043e-10  -1.42360179e-10   3.48184676e-10
   -4.25129758e-11  -2.93053221e-11  -5.42329459e-10   2.86914298e-10
   -5.48920964e-10   1.09635932e-10   1.32001673e-10  -3.75073306e-11
   -4.30815189e-10   3.44464540e-10  -2.25826181e-11  -2.87096624e-10
    6.98039109e-12  -4.24932589e-10   3.41678130e-10   1.41336224e-39
   -2.91274393e-10   2.92937230e-10  -1.00571079e-10   2.93926244e-10
   -8.30658320e-11  -2.29030003e-10   8.14358511e-11  -2.76531714e-10
    1.94417552e-10   1.25329929e-11  -3.23223670e-10   8.38634440e-11
    7.37491526e-11   3.78491932e-10   2.86858868e-27  -1.64303446e-10
    2.69568257e-10   2.81192236e-10   6.75906109e-10  -2.84945678e-10
   -5.43993409e-12  -1.25949008e-11]
 [  1.07864580e-04   5.51433535e-04  -6.35584292e-04   6.29978749e-05
    1.43939906e-04  -3.45627149e-03   2.00562339e-04  -1.50342719e-04
    1.62503318e-04   2.20141606e-04  -2.52143305e-04   1.99531368e-03
   -1.32114161e-04   1.21509260e-03  -5.90816513e-03   3.53178941e-04
    4.13945690e-03   1.68357874e-04  -3.07153305e-03   6.40918093e-04
   -1.85523462e-03   9.61178972e-04   6.49640220e-04   7.11915854e-05
   -2.41564921e-04   2.40962072e-05   1.13406917e-04   5.75450501e-39
   -5.33465703e-04   3.13772151e-04   1.59376347e-03   7.68391707e-04
   -1.19368196e-03  -2.98669515e-03  -2.34784675e-04  -7.89760088e-06
    3.10838921e-04  -1.27977540e-03  -3.99635202e-04   1.85186655e-04
   -3.50142975e-04   1.60715007e-03  -1.82278914e-10  -2.69847154e-03
    6.94673881e-03  -3.92365939e-04   4.88320738e-03   1.80581491e-03
    5.74688638e-05  -1.05428230e-03]
 [  1.94790540e-04   3.50882125e-04  -2.54377606e-04   1.84165707e-04
    2.79201049e-04  -9.19516024e-04   9.98365940e-05  -2.16788205e-04
    2.55743653e-04  -1.35888578e-04  -1.88614576e-04   1.02921226e-03
   -2.15736320e-04   1.29748113e-03  -1.06271717e-03   1.73908251e-04
    1.84525969e-03   2.21860348e-04  -2.56339728e-04   3.89505090e-04
   -5.13732084e-04   4.49008541e-04   4.25150123e-04   4.61421696e-05
   -2.65457202e-05  -9.01292588e-05   1.01115159e-03  -2.21236301e-39
   -1.35830953e-04   2.20155533e-04   4.75515437e-04   4.89099766e-04
    6.19630562e-04  -6.85564301e-04   5.33172861e-05  -1.09371911e-04
   -9.80284749e-05  -9.72886191e-05  -9.57347220e-06   2.09396560e-04
    4.58809154e-06   5.38344553e-04   4.31881025e-22  -6.17417274e-04
   -1.73618493e-03  -2.71596709e-05   1.25359232e-03  -5.67355775e-04
    7.86486271e-05  -2.19895868e-04]
 [  2.88694003e-03   7.89105659e-04  -3.66980879e-04  -5.25756390e-04
    1.57257440e-04   1.12863071e-03   2.56863917e-04  -3.61049897e-05
   -3.11010575e-04   1.12786292e-04  -5.77792234e-04   5.15035586e-04
    6.92149260e-05   5.06007951e-03  -1.65300979e-03  -6.35976088e-04
   -1.34436379e-03   1.72071290e-04  -3.69511632e-04   1.68095110e-04
   -1.09668286e-03   6.33165007e-04   1.22895453e-03  -8.35021259e-04
   -3.13291152e-04  -3.70603724e-04   2.49534682e-03  -5.17821822e-39
   -6.44690241e-04  -2.49561970e-04  -6.79324614e-04   1.95884029e-03
    7.86447898e-03   1.39219884e-03  -5.17283566e-04  -5.21731854e-04
    1.74663437e-03  -9.50757414e-04  -2.63553025e-04   4.99946007e-04
    1.54416208e-04   1.72837439e-03  -2.40460239e-16   6.71079149e-04
   -3.15488130e-03  -5.00758470e-04   1.98595924e-03  -6.92527829e-05
   -1.23928534e-04  -3.09070433e-03]
 [  7.00742414e-04   1.51733088e-03  -1.04818886e-04   1.23029540e-03
    3.86078580e-04  -3.42544774e-03   2.91382661e-04  -6.93554350e-04
   -3.89212306e-04   1.10581482e-03  -6.46016095e-04   6.56660739e-03
   -1.00797100e-04  -4.05753125e-03   1.20531477e-03  -2.70597613e-03
    3.24494857e-03   4.16827941e-04  -2.90451897e-03  -5.07390359e-04
   -2.92419549e-03   1.38511800e-03   1.48088927e-03   3.89145501e-03
   -5.76119812e-04  -4.59420448e-03  -1.67128653e-03  -1.60119089e-39
   -2.12270324e-03   4.73989960e-04   3.09321890e-03   4.84043779e-03
    8.96619074e-03  -5.22629416e-04  -6.07022783e-04  -1.27254950e-03
    3.52084986e-03  -8.82428954e-04  -4.49652376e-04   4.70115374e-05
    7.39208772e-05   4.86885925e-04  -1.92777239e-09  -3.18217324e-03
   -1.24126812e-03  -2.69507966e-03   4.60877549e-03   2.07824493e-03
    1.25100982e-04  -7.00310862e-04]
 [  4.02666617e-39  -1.55681877e-39  -2.99273631e-39  -4.38777798e-39
   -1.51115326e-39   1.38232488e-40  -2.74294786e-39   2.41281735e-39
   -3.05130499e-39  -7.18357441e-40   4.47898429e-40  -1.19004992e-39
    1.78201164e-39  -2.44035847e-39   6.72617938e-39  -3.41776135e-39
   -6.14137269e-40  -3.57163793e-39  -5.95552968e-39   5.81228755e-39
    2.53666972e-39  -2.23097646e-39  -6.19149713e-40   5.13715457e-39
    1.43042305e-39   4.12639098e-39   5.12291597e-39   3.91147103e-39
    5.26176923e-39  -5.86768929e-39   3.46032859e-39   3.98502518e-39
    2.72491875e-39  -1.97414928e-39   1.21429799e-39   6.03109330e-39
   -4.72082178e-39   3.85006893e-39   2.22074698e-39   2.50542356e-40
   -1.21963133e-39   3.31210204e-39   5.62364896e-40  -3.17399707e-39
   -6.66678955e-39  -5.16172773e-39  -7.31909398e-40   1.69935185e-39
    1.04346149e-39  -1.19315660e-39]
 [ -6.10687272e-40   1.93213274e-39  -1.97532216e-39  -2.03925641e-39
   -1.76743393e-39   2.71706167e-40  -1.63334228e-39   2.84015873e-39
   -2.46811539e-39  -1.16936255e-39   2.35235553e-39  -1.59618685e-39
   -1.26776873e-39   2.03307388e-39  -8.31087698e-40  -2.79993026e-39
   -1.38262756e-39   5.39309332e-40  -1.58423938e-39   5.40501837e-40
    3.84558338e-41   6.94154214e-40  -1.89873560e-39  -1.29803678e-39
    3.46890874e-39   2.24399732e-40   1.59124447e-40   4.11461026e-39
   -1.98209324e-39  -1.04731646e-40  -2.08439643e-39  -1.13835742e-39
    6.49922228e-40  -5.00101982e-39   1.02499658e-39  -4.11764547e-40
   -3.95921046e-39  -4.59506506e-39  -2.94359558e-40   3.16240834e-40
   -4.53386194e-39   1.54290948e-39   4.42003307e-39  -1.39287946e-39
   -6.61698740e-40  -3.08085276e-39   2.09876675e-40   6.99322203e-40
    3.71783120e-39  -2.96880494e-39]
 [ -4.69435363e-05   2.82030611e-04  -1.91856234e-04   7.22370387e-05
    1.38486663e-04  -2.05059714e-05   5.09639103e-05  -4.97566798e-05
    2.88299798e-05  -1.66012498e-04  -1.00460937e-04   2.26562028e-04
    8.47774754e-06   8.14695668e-05  -2.36479333e-04   1.57900897e-04
   -1.11292931e-04   8.79721265e-05   5.38244021e-05  -3.53728719e-05
   -2.22492759e-04   2.66811257e-04   1.37986674e-04  -1.49616535e-04
   -4.87455363e-05  -2.30691119e-04   3.59241792e-04  -1.27173301e-39
   -2.17008681e-04   5.03311530e-05  -2.16913741e-05   2.21327442e-04
    9.63537532e-05  -1.94181150e-04  -2.95674581e-05  -1.41678218e-04
    1.60634620e-04  -5.16892287e-05  -1.38784788e-04  -3.26063273e-05
    7.94520020e-05   2.50553072e-04  -8.48157686e-24  -2.29993297e-04
   -9.35913849e-05   9.95445662e-05   3.84978281e-04  -2.73361336e-04
   -2.08366746e-05   5.98479382e-05]
 [ -1.02381986e-04   5.85996713e-05  -7.23594203e-05   5.18668821e-05
    6.15950194e-05  -4.23102829e-05   1.56311835e-05  -1.72446980e-05
    3.82811486e-05  -9.29182715e-05  -6.18920458e-05   9.76745723e-05
   -3.24854118e-05   1.67331818e-05  -1.39040785e-04   1.34924812e-05
   -1.32272078e-04   5.09571328e-05   7.02471661e-05  -3.00658958e-05
   -2.50802404e-05   5.13015475e-05  -5.77527544e-06  -1.55486923e-04
   -4.24611198e-06  -1.52698689e-04   1.47053070e-04   1.13596260e-39
   -6.85584600e-05   3.33029457e-05  -5.37644555e-05   4.23028905e-05
   -1.19679135e-06  -1.15725277e-04  -6.38015649e-07  -3.92591537e-05
    1.76482736e-05   3.54971489e-05  -1.23854465e-04   2.63928268e-05
    1.70965432e-05   9.39897000e-05  -4.54954196e-23  -5.32517406e-05
    4.22124576e-05   4.77166832e-05   8.11971695e-05  -8.58358544e-05
   -1.03323709e-05  -6.77792996e-05]
 [  4.06613310e-07   5.87957857e-07  -4.33952607e-07  -4.83391432e-07
    2.23560718e-07  -1.15786054e-06   1.55047260e-07  -4.73420982e-07
    5.30545172e-08  -1.56816014e-07  -3.96613558e-07   1.23025234e-06
   -3.96199624e-07   1.13639317e-06  -1.80061306e-06  -3.32716525e-07
    3.78826250e-08   2.46373276e-07  -1.25213631e-07   4.21149053e-08
   -5.84339659e-07   5.56082057e-07   5.17814783e-07  -4.38522619e-07
   -4.49499549e-09  -5.52467043e-07   6.84673182e-07  -2.30138049e-39
   -6.25337179e-07   6.16455281e-07   1.18771233e-07   5.80693950e-07
    4.78442360e-07  -4.66291795e-07   3.23127381e-07  -3.08227300e-07
   -1.47251598e-07  -4.25014491e-07  -2.07377582e-07   1.14130174e-07
    2.31499513e-07   2.41948754e-07   2.63907684e-26  -6.48080402e-07
   -1.00813315e-06   1.90361732e-07   1.53952499e-06  -8.90277761e-07
    1.03406549e-07  -1.02249615e-07]
 [ -2.81437442e-05   1.98540947e-05  -3.97153854e-05   3.68158726e-05
    2.79183841e-05   1.33595222e-07   7.27436191e-06   1.00927286e-06
    2.50407884e-05  -1.92573571e-05  -4.26981460e-05   8.39493878e-05
    8.78776518e-06   1.73907538e-04  -8.56069382e-05  -2.28816443e-05
    1.95641944e-04   2.49384975e-05   5.69507065e-05  -1.87431087e-05
    1.66252084e-05   3.22584747e-05  -3.81355221e-06  -6.17045007e-05
   -3.27199530e-07  -9.01417588e-05   1.39869255e-04  -3.89351199e-39
   -5.09216952e-05  -1.27465009e-05  -4.29936917e-05   6.56896600e-06
   -1.01157111e-05  -4.48193896e-05  -2.96530980e-05  -6.87045031e-05
   -1.03922415e-04   4.51985579e-06  -8.60949222e-05   3.98748343e-05
    4.95134509e-06   9.26324792e-05   6.85020999e-23  -5.15888823e-05
   -1.01662663e-04   2.88313208e-06   1.56193455e-05  -4.25222934e-05
   -2.24858672e-06  -5.03374904e-05]
 [  1.03500068e-04   1.48063560e-03  -6.69130939e-04  -1.07030594e-03
    2.13041625e-04  -1.38861054e-04   2.22461997e-04  -5.29597222e-04
   -6.90635818e-04  -6.34288939e-04  -3.29451053e-04   1.72803237e-03
    8.23488444e-05   4.70081717e-03  -3.49664968e-03   5.19930106e-03
    1.35954125e-02   3.95001261e-04  -6.51402981e-04  -2.01314862e-04
    8.29798810e-04   8.77504935e-04   4.24946251e-04  -6.22123305e-04
   -2.88117066e-04  -4.42433031e-03   5.99148858e-04   2.82547172e-39
   -8.57709383e-04   5.45393268e-04  -1.02526927e-03   1.63266595e-04
    1.08361160e-02  -5.98149549e-04  -5.74006233e-04  -5.62781817e-04
    1.44422520e-03  -1.58125779e-03  -8.29334254e-04   1.54567300e-04
    2.54590937e-04   7.38471374e-03  -9.49419016e-11  -5.02168247e-03
   -1.20392330e-02  -3.21612024e-04   5.34501066e-03  -3.19092372e-03
    8.78028877e-05  -3.59389378e-04]
 [  1.77005938e-06   8.16041393e-06  -7.12936799e-06   1.39648419e-05
    6.49843560e-06  -3.72513095e-05   4.19854359e-06  -1.03112625e-05
    9.96484687e-06   5.03497722e-06  -1.09542198e-05   3.53007672e-05
   -7.62630225e-06   4.88841288e-05  -2.66947081e-05   3.19885430e-06
   -1.08619621e-04   9.91565503e-06  -2.17095362e-07   7.97843950e-06
   -1.27044168e-05   1.98820489e-05   3.34781703e-06  -1.91419549e-05
    5.01757950e-06  -6.27957252e-06   3.45127796e-06   7.31378306e-40
   -6.99767224e-06   2.13283274e-05   1.43433726e-05   7.11980101e-06
    2.99122930e-05  -2.36620344e-05   1.34983702e-05  -7.46594151e-06
   -5.91594289e-06  -2.12563782e-06  -1.20384530e-05   1.80041479e-05
    3.27856310e-06   2.31829108e-05  -1.21424263e-23  -2.83497611e-05
   -6.03936132e-05  -4.35326911e-06   2.12243976e-05  -1.22924457e-05
   -3.19428204e-06  -1.81457835e-05]
 [ -1.42416029e-04   1.00092118e-04  -7.09624073e-05   6.99143202e-05
    1.04257757e-04   9.43163832e-05   3.15189318e-05  -2.54770184e-05
    6.29406059e-05  -1.35238923e-04  -7.24021083e-05   2.00605908e-04
   -1.84444489e-05   1.69767620e-04  -2.13277453e-04   7.38811068e-05
   -7.40315998e-04   7.77177775e-05   4.53509119e-06  -4.99528251e-05
   -9.56048025e-05   4.50703374e-05  -3.58220700e-06  -1.50393855e-04
   -1.99666356e-05  -1.64385361e-04   2.14249798e-04   3.67723138e-40
   -9.48487650e-05  -2.98604700e-05  -1.39456552e-05   1.17329102e-04
    1.07435269e-04  -1.72693093e-04   1.96114179e-05  -5.78658983e-05
   -6.53999959e-05   2.82589517e-05  -1.53133631e-04   6.10833886e-05
    2.46978962e-05   2.75571714e-04   1.92774422e-21  -1.64440877e-04
   -2.20294751e-04   6.55929907e-05   4.23830003e-04  -1.81873795e-04
   -5.12954357e-05  -9.53062554e-05]
 [  1.65365374e-04   1.79798168e-04  -1.16443596e-04   6.77844218e-05
    9.76896918e-05  -8.82433887e-05   6.93516486e-05  -9.63245184e-05
    3.39195467e-05  -1.17656869e-04  -1.50652588e-04   4.54632391e-04
   -2.36414780e-05   3.99772689e-04  -4.78499336e-04   4.52340970e-07
   -8.99568666e-04   1.15397343e-04   8.02197392e-05   1.96837645e-04
   -1.86980717e-04   2.40160240e-04   1.68315571e-04  -1.41660566e-04
   -1.91083473e-05  -1.46656501e-04   1.13281945e-03   5.19789245e-40
   -1.37621959e-04   2.90101569e-04   3.99095938e-04   2.89306103e-04
   -3.40997940e-05  -2.45783740e-04   6.27375703e-05  -8.22206130e-05
    1.02430102e-04  -1.82544492e-04  -9.17558427e-05   1.18979246e-04
   -4.01116540e-06   6.46941480e-04  -1.70743118e-12  -4.71278123e-04
   -4.29658219e-04  -7.96547320e-05   1.90756662e-04  -1.72602726e-04
    6.43120802e-05  -1.94496257e-04]
 [ -5.78406156e-10   3.57221502e-10  -2.08494222e-10   2.47989795e-10
    2.10104920e-10   1.17756083e-10   8.43861092e-11  -4.69119535e-11
   -1.41593811e-11  -4.82450524e-10  -2.07627471e-10   3.77525594e-10
   -3.92281607e-12  -1.22684168e-10  -1.26698207e-09   4.81575835e-10
   -1.52839219e-09   1.45641846e-10   1.81358317e-10  -1.66231875e-10
   -5.05836484e-10   4.87123619e-10   1.31959485e-10  -9.75204140e-10
    4.36649814e-11  -5.67259406e-10   1.17625770e-10   8.63718334e-40
   -4.73458606e-10   4.30394387e-10  -4.34424968e-10   2.93117364e-10
   -5.93023297e-10  -3.18112647e-10  -1.53931617e-10  -4.65100652e-10
    2.81851931e-10   1.01916038e-10  -3.40987794e-10   3.33240137e-11
    1.77774379e-10   6.53670951e-10  -3.36150994e-28  -1.93670691e-10
    2.43608245e-10   6.54497789e-10   1.00703457e-09  -5.18373788e-10
   -1.71038433e-10   1.87295124e-10]
 [ -1.46921193e-05   2.88945084e-05  -1.83733900e-05   1.15195353e-05
    1.84466171e-05  -9.27998917e-06   4.77375306e-06  -7.75107128e-06
    1.20480618e-05  -1.24239041e-05  -1.69956420e-05   4.60561714e-05
   -4.14715396e-06   2.60986890e-05  -2.70010096e-05   1.45860158e-05
    2.46751079e-05   1.50971646e-05  -3.76505591e-06  -8.99645056e-06
   -1.31819852e-05   1.74677098e-05   1.55440830e-05  -2.46177569e-05
   -6.95073481e-07  -3.06365473e-05   4.63943361e-05   4.77196918e-39
   -2.26638058e-05   7.72301428e-06  -1.78227710e-05   1.67916405e-05
    1.35961309e-05  -3.34177785e-05   6.78057495e-06  -7.23874064e-06
    2.40640456e-05  -2.95948666e-06  -2.80788208e-05   6.18034801e-06
    7.29120529e-06   4.81176030e-05  -2.88976663e-23  -3.06919719e-05
    1.42585595e-05   2.13848452e-05   3.95026182e-05  -2.78090938e-05
   -5.25118367e-07  -9.35476965e-06]
 [  1.41097186e-03   6.89145469e-04  -2.00809489e-04   1.69451800e-04
    5.17617038e-04  -6.46207714e-04   1.88009100e-04  -2.37288732e-05
   -1.16887213e-06   1.08099263e-03  -4.25954844e-04   3.39322560e-03
    1.16010473e-04   5.40865527e-04  -1.77525566e-03   1.01973815e-03
    1.09579237e-02   2.27422468e-04  -1.43019215e-03   1.78863091e-04
    1.08424058e-04   1.25610305e-03   3.38636717e-04   1.70958787e-03
   -4.51751082e-04  -1.02868560e-03   7.73101405e-04   4.32549167e-39
   -9.14628385e-04   4.22623532e-04   7.93223211e-04   2.28909007e-03
    9.41027771e-04  -7.79839640e-04  -2.09342368e-04  -3.50914896e-04
    1.24000025e-03  -1.18754199e-03  -1.14499329e-04   2.19222246e-04
   -3.54636795e-05  -1.16239372e-03  -9.74923809e-13  -1.19260582e-03
    2.03849422e-03  -1.84297925e-04   1.48627977e-03  -2.14554649e-03
    1.82066913e-04  -1.07528712e-03]
 [  2.27188176e-39  -1.79158671e-39   2.44997839e-39   1.83280450e-39
   -4.57951485e-39  -1.08656543e-39  -5.83371201e-39  -4.08914166e-39
    4.53663932e-39  -9.17154049e-40   3.07038507e-41  -1.94170922e-39
    8.98749395e-40  -1.82736186e-39   1.84926135e-39  -6.05177366e-40
   -2.92774269e-39   5.53397987e-40   3.34017846e-39  -1.44588778e-40
    5.06452947e-39  -5.38180026e-39  -1.29231668e-39  -2.65576467e-39
   -7.39781893e-40  -8.93602426e-40  -5.13305717e-39   1.32101808e-40
    2.26818373e-40   1.53859769e-39  -7.47496041e-40  -1.55983156e-39
   -5.76495029e-39  -2.21375870e-39  -6.52288881e-39  -2.16163600e-39
   -1.32708430e-39   3.48652867e-39  -2.90370762e-39   2.07251903e-39
   -4.15674871e-39   4.99229113e-39   1.91375892e-39   1.34904404e-40
   -2.53730450e-39  -1.22265253e-39  -3.09154888e-39   3.28281070e-39
   -9.02950488e-40  -2.43462016e-39]
 [  2.23749750e-28   7.37496163e-32  -4.27515687e-33   6.17521918e-32
    3.53486962e-32  -1.29796498e-22   1.67362257e-33   1.32943224e-32
    1.61638643e-31  -1.27705824e-32  -2.97438745e-32   9.98040666e-32
   -2.97735381e-32   6.98886270e-24  -4.33730671e-30  -2.74607781e-25
   -4.28749070e-20   1.08808922e-32  -1.45480415e-27  -1.43385726e-33
    1.48917713e-31  -1.03679977e-31   4.99404896e-32  -2.63160428e-24
   -3.44927864e-32  -1.82316999e-31   1.42388333e-22   2.82650728e-39
   -5.92743551e-26   1.88750039e-32   2.23284926e-30  -8.75745360e-31
   -3.89190168e-24   2.41589564e-25   1.60647275e-32  -1.15172503e-31
   -3.49940907e-31   5.14454821e-30  -4.19551654e-32   9.87999696e-33
   -8.69107567e-32   5.33194537e-25   1.76817860e-34  -5.40333517e-31
   -1.04450697e-20   1.82483538e-27  -1.39102486e-24   1.23706368e-28
    3.03820680e-32  -1.03507009e-26]
 [ -6.63035007e-06   2.11597744e-05  -1.74343295e-05   1.36692124e-05
    1.43363768e-05  -6.36990535e-06   8.58694602e-06  -4.40285476e-06
    5.46088177e-06  -2.27413821e-05  -1.12227099e-05   7.66177072e-06
   -3.61758202e-06  -9.54452935e-06  -5.37485721e-05   1.12240123e-05
   -2.62920275e-05   1.54076388e-05   1.15677421e-05   3.29229238e-07
    1.09956505e-04   2.36071992e-05  -4.14842225e-06  -3.84214254e-05
   -9.20408456e-06  -3.77040342e-05   1.78561058e-05  -4.80342272e-39
   -1.93166743e-05   2.08992897e-05  -8.39188579e-06   1.39389304e-05
    2.24662949e-06  -1.71293141e-05   1.73979060e-05  -1.16944739e-05
    3.90893865e-06  -1.09155553e-06  -2.67051182e-05   5.39050370e-06
    4.37905373e-06   5.08672711e-05   1.17317911e-23  -1.23389291e-05
    3.33312892e-05   2.42873066e-05   1.99119895e-05  -2.39698566e-05
    1.61418586e-06  -5.30618036e-06]
 [ -1.75397147e-07   1.90746562e-07  -2.36639821e-07   1.29535167e-07
    1.62745977e-07  -1.50295278e-08   4.32919833e-08  -2.10982929e-08
    1.39129156e-07  -9.52502290e-08  -1.83031446e-07   3.08041763e-07
   -3.87604793e-08   1.57186577e-07  -6.18764147e-07   1.56924386e-07
   -6.49885578e-07   1.48187496e-07   1.03005874e-07  -1.06425439e-07
   -5.17230063e-08   3.66900181e-08   4.53984335e-08  -3.55486918e-07
    5.16749203e-08  -3.33460008e-07   9.64136717e-08  -2.22028175e-39
   -2.82919643e-07   5.12686285e-08  -2.14122906e-07  -3.57578287e-08
   -9.65368940e-08  -3.62661410e-07   1.63927520e-08  -1.54788225e-07
    4.55588776e-08   8.70458265e-08  -3.78749121e-07   1.90368070e-07
    7.48318669e-08   4.73039876e-07  -7.04208057e-26  -1.46880410e-07
   -4.27978307e-07   1.62455777e-07   4.06717987e-07  -1.51002396e-07
   -6.26592680e-08  -9.11374372e-08]
 [ -1.33397478e-07   1.90567462e-07  -1.48365928e-07   1.02569203e-07
    1.00462316e-07   4.34328626e-08   2.37140245e-08  -1.62527840e-08
    1.62454246e-08  -1.94077629e-07  -9.17360055e-08   1.55487299e-07
    1.04253788e-08  -6.94251696e-08  -3.25840006e-07   1.64294718e-07
   -2.90331428e-07   7.28006455e-08   1.46151294e-07  -1.35150131e-07
   -1.24937074e-07   7.93567381e-08   6.59528610e-08  -2.48545064e-07
   -5.14564436e-09  -2.84003335e-07   8.38270182e-08   3.77172093e-39
   -1.82353659e-07   1.17016938e-08  -2.13603130e-07   6.64900099e-08
   -2.05912301e-07  -9.16346750e-08  -5.86044919e-08  -1.99187738e-07
    1.44124030e-07   4.70825015e-08  -1.60928224e-07  -2.47170782e-08
    7.91750807e-08   1.87679774e-07  -1.71651055e-25  -3.00945828e-08
    1.47677653e-07   2.14756412e-07   2.71039511e-07  -1.90343826e-07
   -4.06966230e-08   9.73203882e-08]
 [ -4.20806289e-04   2.53920298e-04  -5.17737761e-04  -5.73041798e-05
    3.34175536e-04  -8.26254021e-04   8.50797369e-05   7.64542638e-05
    2.83500907e-04  -3.70970258e-04  -4.24721977e-04   7.71104824e-05
    6.48274872e-05   8.97420861e-04  -1.04299118e-03   2.44738825e-04
   -1.83537381e-03   2.52245867e-04   8.78712453e-04  -6.77232514e-04
   -1.07036707e-04   2.34936495e-04  -3.73656803e-05  -1.00628531e-03
   -1.78560076e-05  -7.35114620e-04   7.18537136e-04   6.14048987e-41
   -5.84949448e-04  -2.43979535e-04  -2.62688962e-04  -7.60454161e-04
   -1.23642571e-03  -4.56884271e-04  -6.75842050e-04  -5.86694397e-04
   -7.40656804e-04  -3.81462451e-05  -6.92221976e-04   3.73934803e-04
   -1.57194590e-05   1.31426950e-03  -5.95170926e-20  -3.51685507e-04
   -2.62987521e-03   4.19085671e-04   6.81022066e-05  -4.37294686e-04
   -1.69682913e-04  -3.03815090e-04]
 [ -3.08815252e-05   9.17499528e-06  -1.75048735e-05   1.54781046e-05
    1.50584128e-05   9.39009715e-06   6.04914612e-06   2.67035284e-06
    1.35183245e-05  -2.24544910e-05  -1.54978443e-05   1.37310344e-05
    4.92483991e-07  -1.22993133e-05   1.89367820e-05   1.17634481e-05
   -4.09041058e-05   1.41563087e-05   1.60485033e-05  -2.15408818e-05
   -8.08728237e-06   2.34608906e-05   1.00590410e-06  -4.56366906e-05
   -3.28317446e-06  -4.04991006e-05   1.21691110e-05   3.91800528e-39
   -2.83205645e-05  -4.39919950e-06  -2.93068460e-05   1.32401165e-05
   -1.78677074e-05  -2.15632645e-05  -6.97083215e-06  -1.87863516e-05
    1.62007109e-06   1.85404451e-06  -2.78600146e-05   1.33085541e-05
    4.62461321e-06   4.60066221e-05  -1.57439550e-23  -1.34924485e-05
    6.34761091e-05   1.12321477e-05   3.69520931e-05  -2.97178449e-05
   -1.05928693e-05  -2.86021486e-06]
 [  7.49426537e-24  -2.65924740e-33  -3.27462650e-34  -1.58884683e-31
    5.87573882e-34  -7.34195255e-18  -6.00494918e-35   4.31584992e-33
   -8.56484561e-34  -6.46994019e-31  -8.55578512e-34   3.85073178e-33
    1.88208653e-34   1.68391678e-20  -9.95200910e-26   1.26102445e-30
   -5.27286488e-18   1.18013664e-34  -6.13943584e-31  -4.18676763e-31
    1.67567119e-31   1.02073703e-33  -1.75330320e-34  -1.85762417e-23
    2.43714188e-34  -1.04139742e-29  -7.02817000e-28  -2.20748789e-39
   -6.01851579e-32   2.17148282e-33  -7.83931849e-29  -1.38187874e-33
   -1.76993478e-22  -5.71883413e-22   9.97011054e-34  -1.66025243e-33
   -9.38962462e-26   3.81677763e-28  -1.03325248e-31  -1.47948426e-33
   -1.11731261e-28   2.84681323e-24   4.61523619e-35   7.96682856e-25
   -4.93661268e-21  -3.69195224e-26  -1.93259660e-30  -1.53298009e-33
    7.76827829e-34  -5.08711886e-22]
 [ -8.29444780e-09   1.27613040e-08  -1.17209478e-08   7.69105224e-09
    4.41031478e-09  -1.47121755e-08   2.41150500e-09  -3.40722894e-09
    7.12568671e-09  -8.32631741e-09  -9.58454738e-09   2.40211691e-08
   -5.47010925e-09   2.01422665e-08  -3.46736613e-08   6.07834982e-09
   -3.71000652e-08   6.93706959e-09   1.80260376e-08  -2.52064902e-09
   -1.01099946e-08   5.70347725e-09   3.68684949e-09  -1.81471709e-08
    3.88975829e-09  -1.99372092e-08   1.66257479e-08  -6.58009682e-39
   -1.42085792e-08   1.29843380e-08  -1.22121087e-08   5.37369149e-10
    4.80953366e-09  -1.86595663e-08   5.85354476e-09  -9.83908777e-09
   -2.09149942e-08   1.74217030e-09  -2.47337155e-08   7.18351245e-09
    4.29131841e-09   3.20799813e-08  -3.76699664e-26  -6.67901956e-09
   -2.38619435e-08   1.16878818e-08   2.20527259e-08  -1.60308282e-08
   -2.29129449e-09  -5.26239408e-09]
 [  2.53378259e-17   7.27658543e-18  -1.16555985e-17   1.14861225e-17
    6.32578060e-18  -1.73509372e-17   2.92575416e-18  -4.20994400e-18
    7.40880859e-18  -9.13029552e-18  -7.39823888e-18   1.96599920e-17
   -5.35572729e-18   1.26895950e-17  -2.91134323e-17   1.27521257e-17
   -1.48317256e-17   3.78749500e-18   4.97034839e-18  -1.97136227e-18
   -2.34943249e-17   2.36863003e-17  -3.44219301e-18  -7.73080519e-18
   -4.78380469e-18  -1.86334510e-17   2.59104996e-17   3.15018060e-39
   -1.14401800e-17   1.15671828e-17   5.42017003e-18   1.58608210e-17
   -1.60936144e-17  -3.61891353e-17  -6.95383361e-18  -1.79811818e-18
   -1.11433876e-17   2.19294493e-18  -1.14460571e-17  -9.00163792e-19
    6.13159706e-18   3.47451922e-17   1.58682569e-31  -1.63457440e-17
    2.70493189e-18   1.65976172e-17   3.66375796e-17  -1.43121271e-17
   -2.63320726e-18  -4.40018197e-17]
 [ -7.90799386e-05   8.06902026e-05  -1.04658538e-04   2.47318603e-05
    1.26169965e-04   5.80977212e-05   2.51152469e-05   3.38004647e-05
    6.95840281e-05  -4.55630361e-05  -6.93721522e-05   5.92071920e-05
    1.70526364e-05   1.74690940e-05  -2.07459321e-04   2.39415367e-05
   -2.04318552e-04   8.21406720e-05   5.00260576e-05  -9.26105713e-05
   -8.80336665e-06   3.37855854e-05  -1.62375613e-06  -1.30614208e-04
    1.91787731e-05  -1.59861636e-04   9.20656603e-05  -2.99810749e-39
   -1.45714221e-04  -3.36972480e-05  -1.13885551e-04   1.76662252e-05
   -9.66465814e-06  -6.95180279e-05  -4.69826009e-05  -9.12100659e-05
    5.90199706e-05   2.11425140e-05  -1.14373295e-04   8.72264500e-05
    4.37054041e-05   1.03868173e-04  -1.05757325e-22  -6.18642152e-05
   -6.95897179e-05   5.38626591e-05   1.40656965e-04  -1.09929133e-04
   -4.02326441e-05  -3.50476330e-05]
 [ -6.20933006e-39   4.78113227e-39   6.13329140e-39  -4.41579975e-39
    6.05358975e-39  -5.73168907e-40   2.89380604e-39  -2.77365031e-39
   -5.70133274e-39  -2.81939429e-39  -2.30064061e-39  -5.23395066e-39
    4.21882483e-39   8.21934417e-40   1.06535537e-39   5.43025716e-39
    6.37282095e-39  -9.31675705e-40   2.08496116e-39  -5.03477570e-39
   -2.72932163e-39  -3.09299642e-39   5.86662010e-40  -2.88650668e-39
    1.66568985e-39   2.81328463e-39   2.06006989e-39   4.37232726e-39
   -3.26201824e-39  -3.47689334e-39   8.91710673e-40   2.57911084e-39
    4.39135129e-39  -5.84691644e-39   4.37866394e-39  -4.66654809e-39
    3.95306997e-39  -2.00209958e-39  -3.52098660e-39   6.28509967e-39
   -9.69304772e-40   2.34525094e-39  -2.32724566e-39  -3.24670344e-39
   -3.78147537e-39   5.17033871e-39   2.45721890e-40   3.40990567e-39
    6.17511455e-39  -6.77470214e-39]
 [ -1.08627568e-03  -1.89261380e-04  -5.33472223e-04   9.40325026e-06
    5.25140262e-04   4.60916344e-04   2.85698829e-04  -7.90894264e-05
    1.19242672e-04  -6.17436075e-04  -3.12663644e-04   6.35361648e-04
    1.40500400e-04   2.30891630e-03  -1.34280277e-03  -6.12137024e-04
    1.59975532e-02   3.64757550e-04  -4.66254714e-04   4.96325840e-04
   -1.49414432e-03   1.14005245e-03   2.64307659e-04  -8.72170087e-04
   -2.39875008e-04  -3.56628880e-04   1.72973424e-03  -1.48002762e-39
    1.57562361e-04   5.12844708e-04   3.95862968e-04   2.04531552e-05
   -6.26662746e-03   1.85890868e-03  -2.26496835e-04  -2.44469644e-04
   -9.03587905e-04  -5.14562940e-04   1.38695934e-04   3.53686279e-04
   -1.59015312e-04   3.56601458e-03  -1.79416187e-11  -2.45911838e-03
   -3.71140800e-03  -1.77826951e-04   1.99790607e-04  -1.74675416e-03
   -1.45676444e-04  -3.99348978e-03]
 [ -2.80690929e-05   4.11273795e-05  -9.42233746e-05  -2.35769821e-05
    5.67991156e-05  -3.36428857e-05   2.56726580e-05  -5.08004559e-05
    4.41870143e-05  -2.92628265e-05  -7.52681299e-05   1.32690766e-04
   -1.83813881e-05   2.77335756e-04  -3.22860695e-04  -7.65587174e-05
    2.20408343e-04   3.59055521e-05  -1.26708064e-05   2.08062902e-05
   -1.60136464e-04   1.43916041e-04   7.07705040e-05   2.00901632e-05
   -4.84202201e-06  -1.36147530e-04   2.32421633e-04  -6.07980804e-39
   -7.71012419e-05   8.15405219e-05   4.06451873e-05   1.18330267e-04
    2.25192925e-04  -1.86312420e-04   5.85892030e-06  -3.96288124e-05
   -1.29066146e-04  -7.10443273e-05  -5.12670049e-05   1.14196213e-04
    5.82000348e-06   1.97273534e-04   6.86830645e-23  -1.50304579e-04
   -1.41131488e-04   1.86025068e-06   2.20148620e-04  -1.70569183e-04
   -1.47614028e-05  -5.92180695e-05]
 [  6.21430467e-39  -1.37130227e-39   1.33206311e-39  -6.94765320e-39
   -1.29297809e-41   1.92436955e-39   2.32234392e-40   4.01907814e-39
   -6.84863185e-39  -1.94653809e-39   4.80118485e-39   2.49126064e-39
   -4.42504692e-39  -3.07855043e-39  -5.96111386e-39   9.79705210e-40
   -1.85627345e-39  -9.28658709e-40  -3.37316503e-39   1.82413327e-39
   -1.58504373e-39   5.68726090e-39   1.15993882e-40   4.40832802e-39
   -5.24692528e-39  -3.94783052e-39  -4.19965647e-39   2.82282607e-39
   -4.54971483e-39  -4.11960589e-39  -2.43434971e-39   5.72121997e-39
   -6.50093186e-40   5.40872340e-39  -6.79537269e-40   4.75530354e-39
   -8.57142041e-40  -2.01579587e-39   1.59418019e-39   1.80245238e-39
   -6.61313103e-39   4.45083081e-39   2.78719386e-39   6.57660338e-39
   -6.41374167e-39   5.65450555e-39   3.05495817e-39   4.35512773e-39
    1.42911144e-39  -1.94929304e-39]
 [ -6.69905512e-06   8.71213979e-06  -1.41782257e-05   8.78336959e-06
    6.76541231e-06  -1.21764260e-05   4.17879346e-06  -2.78017865e-06
    7.29650219e-06  -4.65779840e-06  -9.69627399e-06   1.29417876e-05
   -1.96823271e-06   1.07098276e-05  -2.22697145e-05   1.51550594e-05
   -9.03590444e-06   8.67114159e-06   6.02946693e-06  -4.15351269e-06
   -1.42265453e-05   1.02416307e-05   2.12708073e-06  -2.20279799e-05
    2.02912318e-08  -1.80500756e-05   1.41615346e-05  -1.39787649e-39
   -1.75832774e-05   6.09380140e-06  -2.04213939e-06   6.24630047e-06
   -4.79176651e-06  -2.48468659e-05   6.95005883e-06  -1.26616587e-05
   -4.86254794e-06  -5.99698694e-07  -1.95487155e-05   1.41450810e-05
    2.28685303e-06   2.41688758e-05  -1.07167835e-23  -1.66554073e-05
   -9.94041511e-06   1.50852075e-05   2.15708696e-05  -1.15262828e-05
   -3.54518011e-06  -7.02810257e-06]
 [ -1.50648948e-05   2.74783306e-05  -3.07396222e-05   1.36252165e-05
    2.16290446e-05  -2.23439497e-06   6.87530382e-06  -2.75177013e-06
    9.56698022e-06  -2.41909984e-05  -1.55784437e-05   2.68848271e-05
    2.88135340e-07   1.14206614e-05  -4.45683545e-05   2.47756416e-05
   -5.58153124e-06   1.42714644e-05   1.58416169e-05  -1.33834810e-05
   -1.85735171e-05   3.52565330e-05   1.30050303e-05  -2.43491504e-05
   -4.44920147e-07  -3.73407493e-05   1.24426306e-05  -6.54337019e-39
   -2.95286663e-05   5.34208903e-06  -1.03766433e-05   1.37660709e-05
   -1.04599603e-05  -2.12223185e-05   2.58179716e-06  -1.70540152e-05
    1.45184013e-05   5.20058620e-06  -2.50836365e-05   7.12829569e-06
    7.35460571e-06   3.18828243e-05   2.10678084e-23  -1.86045709e-05
   -2.26219890e-06   2.72674497e-05   4.90426537e-05  -2.90446278e-05
   -7.98380734e-06   3.92819538e-06]
 [ -1.73287371e-40   3.33772759e-39  -2.54210956e-39   3.82103683e-39
   -4.12275321e-39  -2.48009509e-39  -3.71256372e-39   1.73730461e-39
   -3.41048020e-39   1.17834627e-39  -1.24838878e-40   7.27865251e-40
    3.63957849e-40   1.40046609e-39  -4.24497586e-39   1.57213917e-39
    6.91801434e-40  -2.96358931e-39  -8.66522333e-40   2.43077079e-39
   -2.89988067e-39   6.97814405e-40   2.54230013e-39  -1.55515823e-39
   -1.69039194e-39  -5.04334884e-39   6.59647239e-40  -5.98445529e-39
   -3.14288825e-40   2.00588308e-39  -1.27057413e-39   4.22184883e-39
   -1.06274476e-41   2.50065915e-40  -4.15743114e-39   1.21414525e-39
    4.26971578e-39   6.78817002e-40  -4.33379576e-40  -4.35004101e-39
    8.93125984e-40   1.99870703e-39   4.61137337e-39  -1.26266240e-39
    2.98354660e-40  -2.51429378e-40   3.47675601e-39  -1.84875829e-39
   -1.78737161e-39   2.35929756e-39]
 [ -2.39474751e-09   5.69818637e-09  -9.38723588e-09   5.66780356e-09
    7.56476748e-09  -1.23173134e-08   3.19997806e-09  -3.46341844e-09
    3.04265146e-09  -5.85293947e-09  -6.90748614e-09   8.59370797e-09
   -6.02420247e-09   4.93166885e-09  -2.58133568e-08   6.16785734e-09
   -1.61868705e-08   6.31790220e-09   3.45500140e-09   6.20689111e-10
   -9.16512644e-09   9.37876177e-09  -2.89387825e-09  -1.55017688e-08
    8.26334057e-10  -7.68972441e-09   8.69597105e-09   5.67426946e-39
   -8.92319996e-09   8.85043328e-09  -2.22240559e-11   8.26173885e-09
    7.89731214e-09  -1.39022847e-08   6.65262956e-09  -1.75802084e-09
   -1.88571736e-08   1.74997461e-09  -1.23542847e-08   3.80625442e-09
    3.02300962e-10   2.13648015e-08   7.50603740e-26  -8.59278071e-09
   -1.56507323e-08   4.23256097e-09   2.45987568e-08  -8.06957257e-09
    3.39761774e-10  -8.16287127e-09]
 [  2.96415019e-12   2.35194069e-12   1.91868968e-13   2.55024430e-12
   -1.53671468e-13  -1.13295289e-12   5.99300937e-13  -1.66640551e-12
   -4.23165816e-13  -1.36169261e-13  -7.67746869e-13   7.01817857e-12
   -2.09449688e-12   2.66563984e-12  -7.26052335e-12   2.64292234e-12
   -4.98317143e-12   9.04555510e-13  -7.35366412e-13   4.00605417e-12
   -4.31509386e-12   3.75796876e-12   2.62926752e-13  -6.25611628e-12
    1.13452021e-12  -1.61321976e-12   3.92639914e-12   9.40835993e-40
   -1.50896968e-13   6.72432032e-12   4.42529086e-12   3.60537858e-12
    2.46944500e-12  -3.24871965e-12   2.38309155e-12   1.57628489e-12
   -6.68011816e-13  -4.79079667e-13  -9.16789322e-13   1.59878567e-12
    2.64475535e-15   4.96989732e-12  -1.08961942e-28  -3.76473288e-12
   -4.16876006e-13   3.58771541e-12   6.05916532e-12  -2.39899051e-12
   -6.51762281e-13  -2.36431165e-12]
 [ -8.89068541e-11   1.69068048e-09  -1.90594696e-09   9.23253030e-10
    9.27892763e-10  -1.21436139e-09   4.52140519e-10  -7.07126635e-10
    6.44229323e-11  -1.73215675e-09  -8.01596567e-10   1.83509441e-09
   -4.70831873e-10  -3.81756515e-10  -5.71376813e-09   1.85003457e-09
   -2.55525689e-09   5.57507707e-10  -2.11510942e-09   4.94687791e-10
   -2.47019538e-09   2.06315209e-09   3.13755577e-10  -2.57064570e-09
    8.31068755e-11  -9.77224968e-10   1.32996603e-09   9.22965234e-41
   -1.07799181e-09   2.10130691e-09  -7.28324900e-11   2.41176257e-09
    1.46311505e-10  -1.25426636e-09   1.44300238e-10  -2.67184330e-10
    6.01105721e-10  -2.12929702e-10  -1.12234180e-10  -3.40494466e-10
    1.01946318e-09   2.17510521e-09   5.37656778e-27  -2.44633314e-09
   -1.51445578e-10   1.74160730e-09   4.66052619e-09  -2.10928697e-09
   -5.00232078e-10   1.20968469e-09]
 [  2.09470431e-06   9.66804782e-06  -7.50824120e-06   9.99183385e-07
    5.42129010e-06  -3.44859245e-06   1.66075210e-06  -1.46096863e-06
   -3.21904707e-08  -8.88004706e-06  -5.76013053e-06   1.13680362e-05
    5.97835808e-08   3.46482193e-06  -1.95140310e-05   6.81967731e-06
   -1.12099406e-05   3.31321553e-06   3.32914465e-06  -1.68745123e-06
   -5.42152975e-06   7.78350568e-06   4.41069506e-06  -1.01815476e-05
   -5.45064609e-07  -1.00242678e-05   4.24791961e-06  -8.48730046e-40
   -9.43824944e-06   3.55494603e-06  -2.73822167e-07   4.00518138e-06
   -2.98825125e-06  -4.66560141e-06  -1.55970815e-06  -4.12285908e-06
    4.46668673e-06  -2.13617614e-06  -6.40853114e-06  -5.11220321e-07
    3.13493888e-06   6.19367847e-06   5.63632045e-24  -7.45944226e-06
    4.16576268e-06   6.54051382e-06   1.46939374e-05  -1.22731790e-05
   -1.11255031e-06   8.67346841e-07]
 [  1.92091509e-04   4.69287159e-04  -5.88708441e-04   8.89518342e-05
    5.51954494e-04   3.89442226e-04   1.50972715e-04   1.99008482e-05
    1.06091997e-04  -5.65780210e-04  -3.99655313e-04   8.79893894e-04
    7.52338310e-05   2.55100895e-04  -1.65894825e-03   1.77884169e-04
   -1.16280513e-03   2.66322982e-04  -1.49752217e-04  -7.03504920e-05
   -5.47313539e-04   7.28778075e-04   3.10644304e-04  -2.23623691e-04
   -1.76011730e-04  -7.20708049e-04   1.02212769e-03   9.54652796e-40
   -4.72907996e-04   6.01938427e-06  -1.95335204e-04   1.33646291e-03
    1.19244377e-03  -4.66730678e-04  -3.11335432e-04  -2.36902022e-04
   -2.61896348e-04  -1.32646383e-04  -3.40675033e-04  -4.51902233e-05
    1.91205472e-04   1.37819280e-03  -2.86578140e-12  -4.59745323e-04
   -1.09027128e-03   3.96961637e-04   7.30722619e-04  -5.94497367e-04
   -7.22516997e-05  -1.33904541e-04]
 [ -2.67319262e-39   1.82173285e-39  -5.05259181e-39   1.45498361e-39
   -4.76373375e-39  -2.27143194e-39  -6.80463107e-39   1.20119444e-39
   -4.12033176e-39   6.16355664e-39  -5.46421062e-39   1.96777757e-39
    7.89885320e-40  -6.25288662e-39  -4.94353716e-39  -1.00798201e-40
   -4.69826789e-39  -3.12360078e-39  -4.53165490e-39   3.80777774e-39
   -2.24496562e-39   5.74961308e-39  -4.44529708e-39  -5.38574211e-39
   -5.68155061e-39   2.02308402e-39   1.94087825e-39  -3.91564129e-39
   -1.15343679e-40  -9.81126126e-40   1.03687398e-39  -1.10897639e-39
    6.53178565e-39   1.02119766e-39   3.49871997e-39   7.87686682e-40
   -4.82840087e-39  -1.56777833e-39  -6.48984199e-39  -3.59721724e-40
    4.69108763e-39  -5.44355408e-39  -5.49035745e-40  -4.23349082e-40
   -2.70183937e-39  -3.91095115e-39  -6.91082568e-39   4.31246520e-39
    5.03719714e-39   2.36572251e-39]
 [ -1.82973514e-09   4.23456203e-09  -3.70395181e-09   2.72431078e-09
    2.15087592e-09  -5.21123200e-10   1.29699440e-09  -8.05152112e-10
    1.80228421e-09  -4.19663948e-09  -2.64960320e-09   4.11469570e-09
   -1.67955072e-09  -2.50212517e-09  -8.92482355e-09   6.37715125e-09
   -6.37261710e-09   2.74393219e-09   1.75426285e-09  -8.21389012e-10
   -5.43886047e-09   3.74992482e-09   2.03376885e-10  -6.48883480e-09
    9.32092958e-10  -5.61569546e-09   1.95196503e-09   4.07184543e-39
   -4.69432049e-09   5.21296917e-09  -2.94229863e-09   1.58189239e-09
   -3.63063579e-09  -5.53805002e-09   1.67229708e-09  -2.57704591e-09
    2.28179697e-09   9.08678466e-10  -5.18919574e-09   1.31149791e-09
    8.62766747e-10   8.69349748e-09   3.88803039e-27  -2.79170997e-09
    2.32289432e-09   5.38172573e-09   8.66578009e-09  -3.93066291e-09
   -1.34074463e-09  -5.56525603e-10]
 [ -3.12857992e-05   5.62715250e-05  -7.01466124e-05   3.58023462e-05
    5.71788732e-05  -6.56584280e-06   1.94476761e-05   3.11802455e-06
    4.30670589e-05  -4.51409578e-05  -6.21138897e-05   1.86129237e-05
   -3.41255645e-06   3.00317079e-05  -1.21451012e-04   5.09646234e-05
   -6.76627897e-05   4.61515665e-05   8.55687467e-05  -3.62174433e-05
   -6.80124504e-06   5.52612946e-05  -6.28671160e-06  -6.59976504e-05
   -2.65065125e-07  -1.29598426e-04   7.71635023e-05  -5.68071684e-39
   -1.02808954e-04   2.86046052e-05  -3.52235220e-05   1.56047645e-05
   -2.76460323e-05  -9.43478080e-05  -1.27926314e-05  -7.47530212e-05
    2.00915783e-05  -9.22133040e-06  -9.33828123e-05   4.89777231e-05
    2.48310225e-05   1.43520985e-04  -1.94569529e-23  -7.29089734e-05
   -3.89170382e-05   6.47445559e-05   1.41804790e-04  -5.83852270e-05
   -2.00510221e-05  -1.01389314e-05]
 [ -2.38758561e-34  -2.08733496e-39  -5.52633859e-39   2.29513210e-39
    2.85542588e-41  -5.74409275e-20  -1.23093280e-39  -1.35677781e-39
   -1.07811560e-39   4.12224173e-39  -6.54455288e-39   5.20569347e-39
   -9.75900684e-40   5.74980598e-24   2.27778543e-39  -6.08370505e-39
    3.64007058e-19   2.96977043e-39   2.15810754e-39  -1.11150994e-41
   -3.30849931e-39  -2.52490722e-39  -1.02002757e-39   3.07725478e-29
    1.20986428e-39   8.61832187e-40  -5.79867114e-40   3.93907661e-39
    3.92385570e-39   1.25912552e-39   3.12671586e-38  -1.67114090e-39
   -1.71501516e-25  -8.54728523e-25  -6.03802833e-39  -1.83916220e-39
    2.88904149e-33  -3.51599798e-41  -1.58872213e-39  -2.41100267e-39
    1.12603577e-35  -2.89734555e-32  -3.82494225e-40  -1.71466872e-27
   -5.62432391e-29  -2.53742888e-30  -5.25236232e-39   6.12688326e-40
   -7.10657306e-40  -8.39591200e-22]
 [  1.01595130e-16   2.97850566e-17  -2.03395838e-17   8.25355786e-17
    2.16091323e-17  -1.30944584e-16   9.62197003e-18  -2.97270514e-18
    5.36602287e-17   7.22932860e-18  -2.10550917e-17   6.60389568e-17
   -3.82965301e-17   6.26068587e-17  -6.82940960e-17   1.06334260e-16
   -1.73691451e-17   2.89342716e-17   2.82987189e-17   2.52648769e-17
   -6.20239545e-17  -2.65888969e-17  -4.70147722e-17  -3.66010282e-17
    1.58694634e-17  -3.84235850e-17   1.52768957e-16   3.93714982e-39
   -7.83823693e-18   2.49548910e-17   6.00538816e-17  -4.85150065e-17
    5.79476481e-17  -1.39066280e-16   2.52648157e-17   2.64395743e-17
   -1.10990353e-16   5.69870400e-17  -1.17148627e-16   5.15149292e-17
   -2.04737624e-17   1.99067023e-16  -1.22625502e-31  -5.18258763e-17
    1.35788100e-17   2.61970251e-17  -2.33873092e-17   2.68890063e-17
   -2.29313888e-17  -1.26262106e-16]
 [  2.15985196e-16   2.41239192e-16  -1.56984176e-16   1.66282494e-16
    1.37523886e-16  -7.92021281e-16   6.34467713e-17  -5.07360295e-17
    8.91505552e-17  -1.33425609e-16  -1.55902171e-16   3.45721950e-16
   -1.18845777e-16   1.20437113e-16  -6.13445718e-16   3.61915314e-16
   -1.81514587e-15   1.32646233e-16   1.64396945e-16   3.10087099e-18
   -3.74369584e-16   3.25654522e-16  -1.33122054e-16  -3.93656524e-16
    5.93426254e-17  -4.16771603e-16   4.29438213e-16   4.97119318e-39
   -2.56522922e-16   3.46826931e-16   9.82627123e-18   1.79631402e-16
   -5.79664350e-18  -2.82802066e-16   1.16771327e-16   8.16556636e-18
   -9.95447678e-17   4.58077899e-17  -3.18285865e-16   1.17432132e-16
    7.48684680e-17   6.73134648e-16  -4.05854302e-30  -2.96764955e-16
   -2.89183216e-16   3.15647887e-16   5.70370281e-16  -1.81398008e-16
   -1.09138945e-16  -8.98611232e-17]
 [ -1.13435250e-04   1.49263506e-04  -1.43820143e-04   8.49768330e-05
    9.77382879e-05   2.34381309e-06   4.41167431e-05  -7.89371043e-05
    3.78310724e-05  -1.45620230e-04  -1.08078500e-04   2.45349423e-04
   -3.23974091e-05   1.70711472e-04  -4.09325759e-04   1.16557101e-04
   -9.91304914e-05   6.96757779e-05   5.71376695e-05   2.53158578e-05
   -1.73765860e-04   1.84390577e-04   1.22025449e-04  -1.20172248e-04
   -1.77295587e-05  -1.53122470e-04   2.21316877e-04  -3.07293403e-39
   -1.35588649e-04   1.27474705e-04   9.63970306e-05   9.28126392e-05
   -1.05532999e-05  -1.94285531e-04   2.79933720e-05  -2.62378780e-05
    1.16619820e-04  -3.03009638e-05  -1.41024837e-04   5.39351204e-05
    4.95386048e-05   2.20492861e-04   2.29845369e-23  -2.28172998e-04
   -1.67144870e-04   1.09105655e-04   3.19446233e-04  -2.07225225e-04
    9.71759073e-06  -4.81829156e-05]
 [  3.77758464e-04   7.19300879e-05  -1.83338037e-04  -1.23077334e-04
    1.17750111e-04  -1.42076722e-04   2.89579821e-05  -7.07771324e-05
   -1.90356426e-04  -6.99898883e-05  -1.75882989e-04   5.32477221e-04
    4.15057511e-05   8.07918492e-04  -3.28592694e-04  -2.00738796e-04
    2.37587024e-04  -1.89062412e-05  -1.19551922e-04   9.68057720e-05
   -2.03404430e-04   3.64110252e-04   1.04395811e-04  -1.54344278e-04
   -8.50583674e-05  -1.21456185e-04   6.33619493e-04  -6.04182585e-39
   -1.67420265e-04   1.59646632e-04   2.59310269e-04   3.90779955e-04
    6.87585911e-04   1.54061963e-05  -1.39091717e-04  -1.58252718e-04
    1.52978362e-04  -2.57195672e-04  -8.12806866e-06  -1.30846074e-05
    8.24732706e-05   7.01190293e-05  -3.34237109e-22  -5.35683648e-04
   -8.27892683e-04   4.04012717e-05   5.23207535e-04  -4.86112927e-04
    7.54089197e-05  -2.36683714e-04]
 [ -3.09307325e-05   1.85953140e-05  -3.49399306e-05   2.97192964e-05
    2.64427144e-05  -1.29636292e-05   1.01030964e-05  -1.47122028e-05
    2.02891988e-05  -2.69601496e-05  -1.88176582e-05   4.41834127e-05
   -1.37557081e-05   2.51780457e-05  -6.41780280e-05   3.66244276e-05
    5.40549263e-06   2.38214616e-05   4.69750330e-06  -9.20448383e-06
   -1.80371226e-05   2.02330084e-05   1.33627909e-05  -3.62048231e-05
    2.72641228e-06  -4.17315714e-05   5.62989553e-05   4.79401721e-39
   -2.87849271e-05   2.03465752e-05  -1.19683164e-05   1.95077537e-05
    1.23679206e-06  -4.39255055e-05   2.43766590e-05  -9.64434639e-06
    3.07511000e-05   6.64200525e-06  -3.07019327e-05   1.27717249e-05
    5.99213354e-06   6.49019566e-05   1.14466967e-23  -3.73310322e-05
   -1.84667842e-05   1.30125754e-05   5.21400434e-05  -2.99869807e-05
    9.43375835e-06  -1.18093212e-05]
 [ -8.22537113e-04   3.99265205e-04  -5.37078537e-04  -1.17025236e-04
    3.38293699e-04  -1.71354692e-03   1.43328594e-04  -1.25088467e-04
    3.72273535e-05  -2.85806076e-04  -4.30902408e-04   7.87201105e-04
    9.79760662e-05  -7.84925942e-04  -1.27130945e-04   2.21816605e-04
    4.66903392e-03   2.05856835e-04   2.94454858e-05  -3.56895151e-04
   -3.62627383e-04   7.52586348e-04   4.85169556e-04  -9.55597614e-04
   -2.26368487e-04  -1.11525343e-03   5.03758201e-04   5.51128864e-39
   -8.31801561e-04  -8.54059763e-05  -1.08581145e-04   7.69950100e-04
    7.45181344e-04  -7.30894171e-05  -4.37760580e-04  -6.73107745e-04
    1.56354171e-03  -2.98322324e-04  -4.44408564e-04  -9.21249448e-05
    2.80998822e-04   4.13700938e-04  -6.80916551e-16  -7.68022030e-04
   -1.32458960e-03   3.78946657e-04   1.42289803e-03  -1.70959404e-03
   -3.73413350e-05   6.75867079e-04]
 [  2.68416887e-04   3.17171915e-04  -4.32736415e-04  -1.03019200e-04
    2.99277744e-04  -1.69682573e-03   9.13246986e-05  -1.31531982e-04
    1.09161731e-04  -1.35863465e-05  -2.52717757e-04   6.26264431e-04
   -3.57326608e-05  -6.71740709e-05  -9.46542074e-04   4.21125849e-04
   -7.11372634e-03   2.82235327e-04  -3.55140422e-04   1.30916174e-04
    1.83750773e-04   3.97947937e-04   3.42583342e-04   3.91980371e-04
   -7.14614944e-05  -4.47701430e-04   2.48814817e-03   2.41981544e-39
   -4.91412240e-04   1.97194924e-04   4.96851688e-04   5.52641228e-04
   -1.87307037e-03   2.84021953e-04  -1.23379476e-04  -1.26268715e-04
    6.03783468e-04  -7.61696065e-05  -3.59298370e-04   2.92143406e-04
    5.20286303e-05   2.88431329e-04  -1.90089466e-16  -1.64805551e-03
   -2.03276915e-03   6.08818722e-04   7.74841814e-04  -4.90872189e-04
   -2.44093142e-04  -3.50749964e-04]
 [  4.95948480e-04   2.20780115e-04  -4.95122222e-04  -1.14730901e-04
    3.00254091e-04  -1.03632228e-04   1.16288167e-04  -9.92027781e-05
    4.89793565e-05  -2.16592278e-04  -5.10920363e-04   7.70371000e-04
   -1.07786203e-04   1.34775555e-03  -8.75317957e-04   5.45211187e-05
    1.38858333e-03   2.33059443e-04   1.67257007e-04   8.43234811e-05
   -2.93650373e-04   6.89499371e-04   4.85749537e-04   3.55972821e-04
   -1.75098743e-04  -5.64343471e-04   5.44450828e-04   3.93368581e-39
   -5.34470950e-04   2.52595724e-04   4.47368730e-05   8.34544771e-05
    4.80433839e-04  -3.34501150e-04  -1.97249377e-04  -3.97228461e-04
    1.83683820e-04  -3.34037759e-04  -3.24469816e-04   1.39573473e-04
    3.62178762e-05   1.05151627e-03  -3.08651589e-20  -5.45979769e-04
   -1.55422068e-03   2.43577932e-04   2.92865094e-04  -8.84188164e-04
   -2.14462183e-04  -2.65009057e-05]
 [  4.81564177e-37  -1.54865935e-37   8.46580734e-38  -1.24351259e-37
    7.79915552e-37  -1.10489904e-25   1.51642724e-37  -1.69561738e-39
    2.98193286e-37  -1.40889803e-33   2.38449476e-37   5.55893800e-37
    3.61738136e-38  -5.90156821e-32  -1.10209035e-36   5.88181959e-37
   -3.16571326e-27   1.14398408e-37   2.32555166e-37   3.71788226e-37
    4.24266316e-37  -6.91214390e-37   5.71192841e-37   2.14757560e-34
    7.79635561e-37  -1.18854656e-36  -2.10714411e-36   5.04908856e-40
    1.38899966e-37   5.06019368e-37  -3.51760846e-37   8.91471376e-37
   -2.19923209e-32  -1.35959580e-28  -2.10863424e-37  -4.61406358e-38
    2.33720907e-36  -1.13980693e-36  -1.04226842e-37  -1.25202206e-37
   -3.41409309e-37  -4.01350803e-37  -4.06091390e-39   2.58933080e-35
    1.18388197e-31   2.43241715e-37   2.48391197e-36   2.10832551e-37
   -2.63666834e-38   2.49878305e-36]
 [ -1.78863425e-04   1.14292001e-04  -1.32648129e-04   2.73612968e-05
    1.38833042e-04   3.91425536e-04   5.65248447e-05  -1.59808533e-05
    7.07264917e-05  -1.36824838e-05  -1.33691079e-04   1.29133405e-04
    1.16803722e-05   7.78192407e-05  -2.80812586e-04   4.78969778e-05
   -8.64833884e-04   1.13104346e-04   2.23462775e-04  -6.69885558e-05
   -9.75434668e-05   1.49127402e-04  -9.04877197e-06   1.79176677e-05
   -2.98328123e-05  -3.05827183e-04   3.38710262e-04   5.08475721e-39
   -1.93837492e-04   4.59417388e-05  -1.21995225e-04   8.21982248e-05
    3.60601436e-04  -1.37934272e-04  -3.99698838e-05  -1.04568462e-04
    3.17573540e-05  -2.38957236e-05  -1.49723201e-04   1.38094925e-04
    1.46639268e-05   5.97297156e-04  -1.93532126e-12  -1.51168599e-04
    2.84309615e-04   8.47150950e-05   1.54628549e-04  -1.74919929e-04
   -4.70194682e-05   1.33321984e-04]
 [ -4.04786188e-05   4.59901530e-05  -3.56479541e-05  -1.69021750e-05
    3.81205973e-05  -1.93168648e-06   8.31473608e-06   2.57823046e-07
   -3.30515468e-06  -3.67046814e-05  -4.06852305e-05   1.21869016e-05
    1.65243564e-05  -8.49746993e-06  -6.62427774e-05   2.02123101e-06
   -3.90076020e-05   1.94305849e-05   1.04751671e-05  -3.52137758e-05
   -1.58824696e-05   2.72064881e-05   8.28761040e-06  -5.56992673e-05
   -1.23176105e-05  -5.99769992e-05   2.74756576e-06   5.29965054e-39
   -6.34026510e-05  -3.07474329e-05  -5.06295328e-05   2.34870713e-05
   -1.36937797e-05  -8.86058297e-06  -3.09988718e-05  -4.87825419e-05
    1.12090638e-05  -9.16401677e-06  -3.57976751e-05  -1.94261065e-06
    2.91003216e-05   1.09290349e-05   2.03634235e-23  -2.35815387e-05
   -7.20928256e-06   3.02545377e-05   4.90102429e-05  -4.23481251e-05
   -2.01625608e-05   1.21322582e-05]]