[[[[  1.68445104e-06   9.69800452e-26   1.15279465e-04   4.67668397e-05
     -1.70666153e-05   2.20025726e-07   1.86211355e-06  -4.41989014e-39
      1.22689457e-07   4.98908037e-07]
   [  1.74735393e-16   1.04970442e-30   3.41273403e-14  -1.80150469e-12
      1.47462388e-16  -3.38708127e-18  -6.81008823e-18  -4.70696014e-39
      3.13059135e-23  -2.51799336e-19]
   [ -4.88218831e-39  -4.46398620e-39   9.73121909e-40   9.86373989e-41
     -6.59056031e-39   1.32959823e-39   4.75839480e-39   1.47668832e-41
      1.90721766e-39   3.54817880e-39]
   [ -1.12501706e-39  -4.05731117e-39   3.09553697e-39   4.41409016e-42
     -4.42807092e-39   5.04786523e-39  -1.74461659e-41  -2.97641679e-39
     -1.25693109e-39  -1.86462379e-39]
   [ -2.49790926e-08  -1.62377064e-29   1.77410384e-05   1.26596103e-06
      2.57683541e-06   2.37203972e-11   4.62701877e-10  -5.64058365e-39
     -3.42300521e-10  -9.66496813e-11]
   [ -3.10078931e-08  -8.95541061e-31   7.43649753e-06   6.12409110e-07
      2.28919816e-07   1.58822729e-11  -9.10417242e-10  -3.09326266e-39
      3.15599422e-08   5.74986601e-08]
   [ -1.24432992e-10  -8.24620609e-30  -4.66473125e-07  -8.32000694e-07
      6.19792431e-08  -7.83724377e-13   9.06532141e-11   4.33549694e-39
     -2.91788295e-12  -1.78363102e-13]
   [ -2.52626637e-06  -7.32544203e-21   1.37730240e-04  -2.83812173e-04
      4.02780825e-06   4.92375385e-08   6.55990334e-07  -4.47830887e-39
      1.76884178e-08   1.32569141e-07]]

  [[ -1.43102370e-05  -3.19940740e-27   3.43115425e-05  -1.24925151e-04
      4.09155336e-06  -8.36752633e-07  -1.28695740e-06  -1.30487091e-39
      2.13001229e-07  -9.53472124e-07]
   [ -5.26766357e-18   1.03179816e-30  -1.04918800e-13  -2.80130719e-14
     -2.24211103e-16  -2.92581765e-18  -2.42570615e-17   4.00924242e-39
      2.84238953e-23  -2.49107613e-19]
   [ -6.60592695e-39   4.75649464e-39  -5.51452985e-41  -1.56360246e-39
     -6.58213431e-39   1.59479396e-39   4.18348828e-39  -9.53807813e-41
      5.77474537e-39   4.23970558e-39]
   [  1.21107220e-40  -3.25374077e-39   3.47567561e-39  -9.35822147e-40
     -2.41523740e-39   6.52915682e-39   1.82968521e-39  -4.73502815e-39
      4.32041897e-39  -1.19155491e-39]
   [  1.28637538e-07  -1.67295152e-29  -5.21321965e-07   3.11084841e-06
     -6.49782947e-08  -1.39405365e-09  -8.00030736e-11   4.20253894e-39
     -1.13697447e-10  -1.70729297e-09]
   [  3.32273906e-08  -8.97228977e-31  -1.06972075e-05  -2.71494969e-06
      1.45544220e-06   7.45296358e-09   2.01555439e-09   1.83330992e-37
      3.16782760e-08   1.28651001e-09]
   [  2.20396124e-09  -8.19168046e-30   8.92396884e-07  -8.90887790e-08
     -4.04195388e-09   4.35167209e-14   5.47491080e-11   2.30576656e-40
      2.40631550e-08   1.98497815e-11]
   [ -6.23959622e-08   6.82058681e-22   3.97798176e-05  -5.93390083e-04
     -4.22279918e-08   1.59614544e-07   7.80534174e-06   6.90921979e-39
     -4.38633606e-07   4.64768073e-06]]

  [[ -3.77418064e-06  -1.28001248e-25   2.69493339e-05   1.09569344e-04
     -1.58785660e-05  -1.40798960e-07   9.75064296e-08   6.06294061e-39
     -3.91865683e-07  -6.45677460e-07]
   [  1.91989944e-17   1.03239437e-30  -2.82279871e-15  -7.50835158e-13
      2.10565919e-14  -3.10100768e-18  -7.13421772e-18  -1.30120512e-39
      2.68729601e-23  -2.53231444e-19]
   [ -4.25629275e-39  -5.52627833e-39   6.36444539e-40  -1.71678400e-39
     -6.59969818e-39   9.51920264e-40   4.23510791e-39   4.28999958e-39
      3.89709090e-39   3.98388873e-39]
   [  1.98900865e-39  -1.44870019e-39   4.73667748e-39  -2.65461981e-40
     -4.17054449e-39  -6.05137850e-39  -1.40112751e-39   1.39102639e-38
     -1.01821710e-39  -6.15495547e-39]
   [  1.69678643e-07  -1.66427085e-29   1.67170015e-06   7.55220208e-06
      6.28797636e-07   2.42032314e-11   2.01941286e-09   1.98174992e-39
      2.20565944e-11   1.38446710e-09]
   [  1.06256659e-09  -8.96800063e-31  -3.53785072e-06   1.92608877e-05
      7.83806684e-07   1.97814849e-08  -8.33602187e-10   5.87590510e-38
      8.51637250e-09   8.61374705e-09]
   [ -7.87918975e-09  -8.23957969e-30  -2.79653386e-06   1.74981687e-06
     -1.71603194e-08  -3.13716270e-14  -9.60277344e-11  -6.58393694e-38
      1.27284863e-10  -1.54094671e-11]
   [ -1.44986325e-06  -8.98083588e-24  -9.29164980e-06  -1.52664114e-04
     -7.55650717e-06   2.07875210e-08  -1.93607821e-06   6.15886510e-39
      1.35572463e-07   6.92346134e-07]]]


 [[[ -3.10288706e-05   4.96231181e-27  -2.06522949e-04   5.61740773e-04
     -5.04368927e-06  -2.04410554e-07  -1.27542449e-07  -6.90791097e-39
     -5.64336098e-08  -2.29267539e-06]
   [ -8.60947242e-15   1.02062664e-30   8.60521235e-13  -5.26916632e-14
      3.45351901e-14  -3.56087688e-18  -6.86873038e-18  -3.55762495e-39
      2.31741412e-23  -2.53869717e-19]
   [ -5.66884644e-39   5.26896490e-39   9.58164450e-40  -2.66285945e-40
     -6.79860969e-39   2.62107413e-39   3.48885763e-39   7.59000702e-40
      3.60649663e-39   3.73332956e-39]
   [ -9.58345217e-40  -6.41787270e-39   6.08377652e-39   1.42519621e-39
     -2.93246367e-39   3.83131115e-39  -3.64772143e-39  -3.27866006e-39
      3.70533162e-39   4.29215618e-39]
   [ -2.93313143e-08  -1.67260786e-29  -3.76545188e-07  -4.33075229e-06
      6.36058317e-08   1.19239452e-10  -1.19384564e-08  -4.56836612e-39
      8.90298685e-12  -1.12204368e-09]
   [ -7.11048465e-09  -8.96185984e-31   9.32463172e-06   1.27894441e-06
     -6.93011316e-07   3.25996091e-10   4.56239657e-10  -3.85989063e-40
     -1.88106836e-10  -1.74395485e-08]
   [ -1.28595494e-11  -7.95610763e-30  -5.31475234e-06   9.73631220e-09
      3.03210856e-09   1.70541307e-11   2.09162939e-12  -4.65725749e-39
      7.20436544e-10   2.51647366e-11]
   [  1.61852331e-05   1.20593814e-26   2.33691389e-05   1.50342661e-04
     -7.93315849e-06  -1.58779955e-07   1.27739872e-06   1.43370770e-39
     -3.54785527e-07  -1.71119254e-07]]

  [[  2.12423765e-06   5.13408665e-27  -1.50337883e-05  -1.86449161e-05
     -2.75656066e-06  -5.20105168e-08  -8.62763727e-07   4.63260865e-39
     -1.50679853e-07   9.91936304e-07]
   [  5.48861633e-19   1.05556524e-30   4.24173398e-14   2.04722957e-11
     -8.67507322e-17  -2.90697344e-18  -9.61421024e-18   2.00304405e-40
      2.94796752e-23  -2.51778967e-19]
   [ -2.30128240e-39  -6.57860584e-40   1.04266275e-39  -6.16164948e-40
     -6.07094623e-39   1.98986344e-39   4.38570686e-39  -2.88954890e-39
      4.57069648e-39   4.64736432e-39]
   [  6.44553153e-39  -8.52803621e-40   3.69238922e-39  -3.81618413e-40
     -4.22498353e-39   2.49836803e-39  -3.70951729e-41   3.99859115e-40
     -2.32269004e-39  -5.63237905e-41]
   [ -8.95403218e-07  -1.55882829e-29  -3.81612153e-06  -8.82734469e-07
      2.07241942e-06   6.05076197e-11   6.17882456e-09  -1.19759451e-39
     -8.88135607e-11   6.94746705e-09]
   [  2.61960253e-07  -8.94546499e-31  -1.42395766e-05  -9.91112938e-06
     -2.84432566e-08  -1.01763009e-09  -6.49220500e-09   8.17444937e-38
     -4.32824304e-10   1.03833301e-07]
   [ -1.82548126e-11  -7.80839257e-30  -1.43702628e-05   3.17298009e-06
      9.05161102e-08  -2.92177589e-12   1.82317304e-11   2.69836134e-39
      2.12325642e-08  -1.20260946e-09]
   [  8.72814599e-06  -2.94898412e-27   1.00047320e-04  -8.74624093e-05
      2.34284698e-07   9.47150411e-08   8.29717067e-07  -5.40242317e-39
     -2.11876397e-07   2.63156244e-06]]

  [[ -1.05353656e-05  -7.90917564e-25  -8.95124249e-05   7.34335990e-05
      9.67119558e-06  -7.69542297e-08   2.97941551e-06  -2.55200833e-39
     -4.51031565e-06  -2.58763725e-06]
   [ -5.33068812e-18   1.05558781e-30   2.04949745e-13  -8.10054267e-14
      1.68224428e-15  -3.09974292e-18   2.02286324e-17  -6.25657344e-40
      2.76857929e-23  -2.61980714e-19]
   [ -3.41771791e-39  -5.15536304e-40   4.64341266e-40  -3.11540878e-40
     -5.58638143e-39   1.95821091e-39   3.70885448e-39   7.24481115e-40
      3.85806474e-39   4.67665566e-39]
   [ -1.96099108e-40  -3.14754476e-39   4.50006122e-39   2.09077935e-40
     -3.79175109e-39   4.88233124e-39  -3.85980796e-39   2.88140595e-40
      4.25366811e-39  -3.60629765e-39]
   [ -1.74050907e-08  -1.66765958e-29  -5.60080525e-06   1.02891977e-06
      3.04254932e-08  -1.79187901e-10   1.50755616e-10  -4.97164020e-39
     -4.76117028e-11   2.09234227e-10]
   [  4.14289502e-07  -8.95592125e-31  -7.90393869e-07  -1.20049697e-06
     -1.83738791e-06  -4.18135776e-10   2.38388420e-09  -1.48187593e-39
     -6.76626897e-08  -9.49779722e-09]
   [  5.31611560e-11  -7.35705239e-30   2.07434687e-06   4.75797490e-09
      2.61245212e-08   2.75545618e-13  -6.16782103e-12   6.16474074e-39
      4.95053687e-09   7.45308416e-12]
   [  2.24298333e-06  -2.95457745e-25   2.25098738e-05  -3.40969826e-04
      4.78712673e-06  -2.46426328e-08   6.22090568e-07  -4.38019275e-40
     -6.92657238e-07  -1.94056929e-06]]]


 [[[  3.85717067e-05   1.77101443e-24  -1.08255706e-04  -4.50573789e-05
      2.24535916e-06   9.82940833e-07   1.24636745e-06  -9.42008431e-38
     -2.69816184e-07  -3.12157340e-06]
   [ -1.42274404e-17   7.54958049e-31  -1.78470926e-13   4.57147510e-14
     -2.58690215e-16  -2.58363578e-18  -2.54219618e-17   4.72582582e-39
      2.60025704e-23  -2.49672706e-19]
   [ -6.73520094e-40  -3.23154840e-39   1.52714628e-39  -2.93628641e-39
     -6.49038149e-39   1.41114399e-39   4.08989416e-39   1.88666481e-39
      1.36415004e-39   3.50488428e-39]
   [ -6.00509641e-40   7.21248320e-42   3.95817350e-39  -6.01517175e-40
     -4.25058526e-39   2.25684723e-39  -2.94644022e-40   5.57402898e-40
      2.73277023e-40   6.95255494e-39]
   [  2.70817679e-09  -1.67480237e-29   1.33211688e-05   2.07083781e-06
      1.06288482e-07   6.22060086e-12  -3.20882609e-09  -1.52309232e-39
      6.79623649e-11   3.19231280e-10]
   [  5.25145527e-09  -8.97287000e-31   3.49802667e-06   3.72951177e-07
     -2.81393170e-07   8.71820255e-11   1.08947261e-10  -6.62044440e-39
     -2.87603252e-09  -2.69746669e-09]
   [ -1.18173553e-11  -7.52656808e-30  -8.84463873e-07   1.01519227e-07
     -8.61134708e-07  -1.40085021e-09  -3.70833225e-12  -1.51830268e-39
     -5.38306866e-09   8.49794124e-11]
   [  5.90446280e-06  -6.47485474e-24  -9.46358705e-05  -1.11640424e-04
     -1.20861523e-06   7.70035683e-07   1.76662894e-07  -5.74730094e-39
      6.63402261e-07  -3.02800345e-08]]

  [[ -1.93808464e-05   8.03545303e-28  -8.66239425e-05   1.36771851e-04
      5.14260410e-06   5.93990386e-08   1.32097148e-06  -4.22458556e-39
     -2.23483107e-06   8.85585905e-06]
   [ -1.02890978e-16   8.93118603e-31   4.56685310e-15   1.01578620e-12
      9.29071595e-17  -2.85220747e-18  -6.78590271e-18   5.22309620e-39
      1.55612958e-23  -2.52539663e-19]
   [ -1.11823758e-39  -5.33868511e-39   1.69219682e-39  -2.50194974e-39
     -4.74263019e-39   7.02840863e-40   5.05430419e-39   6.23824445e-40
      8.01028445e-40   4.94476049e-39]
   [ -1.23461962e-39   3.93104717e-39   4.66208496e-39  -6.88980620e-40
     -3.13700420e-39   4.30781008e-39   9.96323208e-42   1.49630510e-39
     -2.41209008e-39  -5.29599875e-39]
   [ -2.34364336e-07  -1.67364260e-29  -5.42442649e-06   1.59252450e-05
      5.09017575e-08  -3.05668793e-12  -8.72739037e-09   4.27911709e-40
      1.37851576e-13  -4.52430843e-10]
   [ -8.77302710e-08  -8.74734623e-31   1.29497430e-05  -6.65328798e-07
     -4.02942050e-07  -2.38802089e-09  -2.87162250e-09  -3.28355900e-39
     -2.33846542e-08  -2.14233142e-09]
   [  7.76879776e-12  -7.67826741e-30   1.71257352e-06   1.05334754e-08
     -1.46391317e-08   5.16807673e-11   7.01806044e-11   4.55018427e-39
     -1.04250908e-09   1.31557551e-11]
   [  1.07915514e-06  -3.06431140e-30   1.17633208e-04  -4.54268193e-05
     -5.79206389e-05  -1.83897214e-07   2.65383619e-07   2.92968909e-39
      4.30926349e-07   2.03916656e-07]]

  [[  1.75426994e-05   1.10381686e-26   6.78234355e-05   6.37155154e-06
      8.45990962e-06   1.73858200e-06   7.11434495e-07   5.88445302e-39
     -3.60392505e-07  -2.03605680e-07]
   [  1.11495137e-18   9.63951259e-31  -5.42168976e-15  -1.40589255e-13
     -4.23795647e-18  -3.00141389e-18  -6.44138282e-18  -2.78727513e-39
      2.04669930e-23  -2.45366947e-19]
   [  2.39623439e-40  -4.46754269e-39   1.50545278e-39  -3.24812156e-39
     -6.13988311e-39   2.48459326e-39   5.02702512e-39  -1.18762847e-40
      4.83413498e-39   3.17549226e-39]
   [ -5.06269517e-40  -5.44833531e-39   3.77624152e-39  -5.30775425e-40
     -3.76127846e-39   4.40949530e-39  -3.68524681e-40   3.16002613e-39
      4.27378515e-39  -6.19522879e-39]
   [ -1.23633432e-08  -1.67432525e-29   8.32164119e-07   2.81711255e-06
     -2.29114754e-08   8.73767170e-11  -3.15577453e-09   3.52480794e-39
      1.94469041e-09  -1.25273114e-09]
   [ -9.62569757e-09  -8.96550670e-31   5.45988451e-06  -2.46055642e-05
     -6.34370689e-09  -2.70542644e-10  -6.18140261e-12  -5.62705411e-39
     -2.81726842e-09  -1.56850832e-09]
   [ -3.54036835e-11  -7.87219802e-30  -3.80517378e-07   2.69561564e-08
     -3.30958265e-08  -1.03560591e-10  -1.79220923e-13  -5.44588864e-39
      2.46150322e-10   1.50160828e-09]
   [ -7.95566757e-06   6.23182267e-25  -5.77760402e-05   1.78759350e-04
      3.69106419e-05   1.01008247e-07   6.27313239e-06  -4.84617494e-39
      2.73038069e-07   2.95798355e-08]]]]