[ -1.73874515e-40   7.53539780e-16   1.53127871e-39   1.57177847e-11
   2.96175529e-09  -8.28971738e-40   4.75685898e-39   1.98270229e-07
   1.57500586e-13   2.16385029e-13   5.68679147e-40   1.32135158e-39
   3.91927962e-10   6.13843340e-13   3.65940171e-15  -4.06926704e-39
  -9.96253143e-40  -4.42080939e-39   8.43511209e-17   2.00550887e-09
   6.16260236e-39   3.20546743e-39   1.72677375e-15   6.70307248e-14
  -1.40053055e-39   1.16570163e-07  -3.50233532e-39   4.85786737e-40
   1.52954938e-09   8.98563022e-40  -2.64552398e-39  -3.89024058e-36
   2.90738820e-23   3.21721907e-16   3.11917828e-40   3.06959536e-13
   2.64951208e-39   1.86743479e-39   1.01006417e-11   5.02964835e-39
   1.08581011e-09  -3.15831374e-39   3.61458520e-15   7.71332885e-17
   7.99528155e-14   4.60963918e-25   1.19757318e-29   1.34122207e-08
   3.01252825e-39  -1.70148462e-40   4.00549115e-39   1.09467067e-10
   2.72795256e-39   4.34384869e-13   1.84644973e-11   7.99815358e-19
  -7.55825359e-40   5.35682482e-16   5.09954932e-39   1.89711990e-39
   2.98951525e-22   3.69739168e-20   2.07365090e-13   1.39815324e-08
   1.74028968e-11   1.81802222e-14   1.34043045e-13  -2.27634069e-39
   2.76739071e-39   2.88792434e-10   2.82311636e-13   5.15797366e-39
  -2.31134933e-39   6.67079236e-09  -8.24603890e-40   4.63279060e-09
  -1.61870011e-39   2.23538634e-39   6.77925037e-23   1.39749201e-13
  -5.96029690e-39   2.55276439e-10   2.78686735e-39   2.56694477e-39
  -1.36425794e-39   1.22423209e-11   2.06121195e-39   2.32889814e-08
   5.09312699e-08   2.26531915e-19   1.12967077e-40   3.20835971e-39
   1.44473752e-10   4.16590899e-39  -2.32407032e-39  -1.59288399e-39
   1.15239143e-25   2.48845104e-39   2.99776438e-25   2.53194115e-11
   2.21284303e-23  -2.22910432e-39   5.64802036e-08   9.30810659e-13
   4.11864600e-39   1.41230804e-13  -2.53497415e-39   1.69849879e-13
   6.30492381e-10   9.04019842e-16   3.56323855e-39   2.96434881e-40
  -5.64809601e-39   1.57920018e-15   9.17302586e-40  -4.73051457e-39
   4.79095166e-11   9.67599831e-08   1.98388583e-10   1.80854262e-10
   8.43776275e-14   1.93908014e-13   3.97243136e-24   6.96065585e-39
   3.87300959e-39   1.63619489e-25   1.52387700e-10   7.77236142e-09
   7.24946362e-14   2.86020431e-40   2.70249078e-26  -2.00999449e-40
   1.86565514e-39   5.36662034e-15   2.23824670e-12   9.34419307e-39
  -4.84447096e-39  -2.13475069e-39   1.39120821e-22  -7.86089202e-40
   6.09403683e-40   2.66515508e-15   4.07831768e-09   1.30864741e-39
   3.09744681e-25   3.97823163e-10   2.22182905e-26   1.93287730e-16
   3.20388957e-39   7.36010586e-09   5.75775322e-39   3.81828528e-07
   5.81578015e-12   2.03990928e-14   1.13660077e-08  -2.12173823e-39
   1.04806844e-18   5.37244417e-28  -2.19151897e-38   5.57425319e-40
   4.57097253e-39   4.29499070e-31  -3.18459650e-39   1.49328476e-20
   3.98367994e-39   7.06243061e-14   1.82362399e-14  -4.35278335e-39
   4.83129725e-07   4.76211665e-39  -3.23212013e-39   1.28895039e-07
   1.05958392e-07  -1.85661677e-39   3.27586604e-16   6.05800471e-14
   3.81202925e-12   3.45619336e-39  -4.58475430e-39   2.95158018e-39
   3.11886101e-17   1.54681633e-13   2.77422624e-39   3.36869702e-17
  -2.44752191e-40   1.98515155e-13   3.12703817e-21  -3.10111834e-39
  -5.63378035e-41   2.27335032e-39   1.90746288e-39  -4.92051943e-41
   2.40151781e-14   1.48569741e-38   1.50978809e-21   9.28456358e-21
   3.67700437e-39   1.94382125e-38  -3.83788885e-39  -1.61042825e-40
   1.10021004e-15   3.15421074e-40  -2.52246335e-39   1.94576457e-39
   1.65085571e-40   1.69092842e-21   2.35575465e-14   4.55553650e-12
   1.02376764e-39  -5.04337126e-40   5.13087402e-16   1.43234283e-39
   7.80343901e-10  -9.00757455e-40   3.86344993e-40   1.58201030e-09
   3.26640010e-39   3.25729867e-13  -2.64480372e-39   9.50274187e-18
   3.93711283e-25   2.93904837e-39   2.11687610e-08   7.07955602e-40
   9.37741176e-16   1.68285015e-39  -1.95864811e-39   1.87621953e-39
  -7.22117125e-41  -5.87779545e-39   6.20877616e-09   2.65127351e-39
  -3.68036749e-35   2.07649412e-16   2.99805284e-39   3.26077099e-12
  -8.31290887e-40   5.00717311e-24  -2.82647786e-39   1.47796767e-16
   5.83622601e-31   3.82739951e-11   2.64569354e-39   5.75866967e-39
   6.34994195e-40  -7.61984066e-41  -2.38412016e-39   3.96439812e-14
   4.14090703e-40   1.99189979e-22   8.73092931e-10  -6.51872835e-40
   6.31463881e-10   2.16184950e-14   3.91692348e-39  -2.66554293e-39
  -1.87207870e-40  -2.21844184e-39   2.60752637e-39  -4.67523054e-39
   7.46857229e-11   1.34543662e-13   5.17736903e-39  -3.75978047e-39
   6.05541564e-39  -3.10771706e-39   3.99646819e-39   5.32779712e-13
  -1.48550109e-39  -2.50119304e-39   2.45185192e-40   1.17092156e-07
   2.52887771e-12   1.45946634e-12   2.66341989e-13  -2.23858971e-39
   4.60774961e-41  -6.55373699e-39  -1.34218609e-39  -9.24083470e-40
   1.49929782e-20   1.49599964e-13   2.49417394e-38   2.66213794e-15
   2.93535454e-39  -2.46428144e-40   2.01660825e-14   6.43900080e-07
   5.31238653e-09   4.43579067e-39  -5.04372159e-40   1.44320195e-10
   5.74537289e-08  -2.23484965e-39  -4.33430045e-37   8.42614079e-39
  -1.22225876e-39   3.93959897e-24   4.69474202e-08   2.40395548e-09
   2.21139751e-39   1.12019631e-15   2.04216830e-40   2.17239658e-39
  -3.63014775e-40  -1.79696910e-39   5.85512151e-12   2.62392157e-39
  -1.84714820e-39   3.15222085e-20   3.49522513e-39   2.52915315e-39
   8.14507535e-40   1.03457731e-27   3.63367902e-39   4.55967381e-28
   8.01118727e-09  -8.91045056e-40  -2.88700274e-39   1.86640624e-39
   5.47869864e-39  -2.43569495e-40   4.34191766e-10  -1.96041375e-39
  -1.16072495e-39  -1.13021728e-40   1.13220573e-14  -2.92183762e-39
   3.17651100e-39   7.49647067e-10   5.66837029e-11   5.58906708e-13
   2.80602871e-39   2.82598460e-39   2.44646673e-39   4.06754285e-15
   5.10163675e-20   3.97996387e-13   1.08761286e-15   4.68008464e-39
   2.88478663e-09   5.47057615e-32  -1.34690006e-39   2.75184750e-39
   2.05593043e-22   1.46729682e-39   3.35427932e-16   6.55563590e-11
  -9.56183014e-40  -1.78249509e-39  -2.53735916e-40   1.84271309e-39
   2.59390102e-16   1.12934707e-39   1.46578908e-12   2.94514542e-39
  -1.31833599e-39  -2.81708613e-36   6.82101536e-33   5.64251282e-13
   2.81905862e-18   8.13020757e-40   4.17947076e-40   1.37933970e-10
   1.27291423e-16   1.53571836e-28   2.62277390e-39  -2.36628303e-39
   2.47569076e-10   2.33997479e-19   2.01678049e-11   9.78694814e-09
   1.18145502e-14   1.38590034e-11  -2.14682989e-39   4.89949769e-13
   1.92859026e-39  -1.40197109e-40   5.54742385e-09  -2.18088284e-39
   1.53407149e-40  -1.56360106e-39   2.26030844e-39  -6.02259863e-40
  -2.75607382e-40   4.78987497e-39   9.78487481e-40  -1.10837103e-39
  -2.43578463e-39  -4.08782164e-39  -6.12672486e-37   5.23674160e-12
   5.49028530e-20   3.59134719e-14   1.54449295e-39   4.10681615e-31
   9.91061881e-08   5.76678079e-25  -4.32453038e-39   3.91465338e-40
   1.92717495e-39   5.42017154e-32   2.77255415e-14   2.84953062e-39
   3.68221776e-19   1.27091028e-18  -2.33493318e-39  -4.85301888e-40
  -2.02792130e-39   1.34883525e-39   5.18857830e-12  -1.68674717e-39
   1.00080241e-12   4.96792088e-28   2.79691186e-39   1.91051257e-07
   1.50765528e-29   3.93481806e-40   4.99226591e-39   8.88187648e-11
   4.56334998e-10  -2.22145323e-39   1.35484316e-13   1.10678529e-10
   6.94898630e-15   9.90689336e-11  -1.18872149e-39  -2.44615985e-39
   3.78733122e-19  -1.51436083e-39   3.01461479e-39   2.59591121e-33
   1.01351139e-09  -2.81807427e-39   1.97486436e-13   8.43010489e-14
   4.73375297e-39   5.80588910e-08  -1.67938895e-39   2.33722930e-10
   3.84703372e-39   3.02257778e-14   5.70123893e-10   1.20685981e-25
   2.85802144e-13  -3.70783013e-39   2.36735923e-39   2.38865616e-39
   5.97094152e-09   2.35077994e-12   3.84622865e-16   6.24595254e-12
   2.95714175e-10   3.90541203e-07   5.20362376e-40   7.28855865e-11
   4.12931268e-39  -3.92482400e-39   2.67294155e-14   1.57387026e-17
   2.64851575e-39   5.20081406e-15   1.29306483e-14  -1.64491420e-39
   8.26540988e-11   3.45099352e-07   8.91086002e-20  -1.36557797e-39
   7.41128541e-40   1.12703466e-11   9.35150949e-16   2.88348582e-14
   2.83051079e-39  -3.98363089e-39   5.82755106e-08   1.79844607e-39
   2.06038799e-39  -2.31402861e-39   6.81258905e-39   1.95851779e-39
   3.47285090e-09   1.40069310e-39   3.69208657e-12   9.59202444e-13
   2.52487359e-39   2.39005326e-39   2.17215431e-28   4.78714804e-39
   1.93496726e-19   5.52037326e-40   2.26814169e-41   2.27466614e-39
  -1.63571328e-39   2.17708571e-08  -1.29641688e-39   2.72013507e-32
   3.46671654e-15   1.96602187e-17  -3.94906086e-39   2.51422932e-39
   1.44075342e-39   2.59085274e-30   3.90336312e-39   1.91888061e-09
   1.98460997e-39   9.98918392e-10   6.39865109e-40   8.50726960e-14
   9.61377737e-07   5.41943272e-08   3.28088923e-12   3.30799464e-15
   2.90042361e-12   6.74661954e-15   3.14819917e-40   2.62780596e-39
   3.93892285e-22   1.44698131e-09   4.41332806e-16   4.50599558e-11
   6.13511997e-09   2.67165680e-39   1.70234712e-11   5.25802655e-08
   3.24932192e-10   4.27438491e-39   5.22808489e-29   2.74080527e-39
   2.40154951e-39  -1.01754868e-39   3.03930329e-13   5.48603385e-09
   1.09180488e-39  -2.68905252e-39  -4.48977569e-39   3.05470734e-39
   3.30082237e-08  -2.13543873e-41   3.04468083e-11   6.54049703e-10
   2.30889457e-11  -4.90088724e-40  -1.78502443e-39   4.34533081e-35
   3.17803034e-10   1.16779169e-39   4.37045365e-13  -9.55782242e-40
  -1.51967315e-39  -2.14579573e-39   8.32267198e-14   2.85856430e-12
  -2.39149660e-39  -1.56270843e-39  -4.78908969e-35   1.82914155e-05
   4.47540818e-39   2.66651543e-39   8.14795181e-24   2.44041172e-39
   6.15774619e-12  -3.41640769e-40   2.54989237e-39  -3.61355638e-39
  -4.68389477e-39   2.97811014e-16   1.03856686e-23  -1.36102795e-39
   2.43321361e-33   2.11405067e-23   3.12310892e-39   5.04229787e-39
   1.58553903e-21   3.64965663e-39   4.65023392e-14   8.56407149e-21
   1.62874182e-39   2.63421270e-39   5.27029531e-10   9.93614696e-13
   5.32483501e-14   5.48284640e-10  -2.89158359e-39   3.51845136e-10
   2.94539046e-12   3.83104261e-14   2.04372774e-13   4.12732912e-12
  -9.98405538e-40   2.33130742e-15   1.77582194e-15  -1.62012944e-39
   2.63848809e-09  -1.43081261e-39   1.86155870e-14   2.82543954e-12
   1.12699350e-09  -1.43685081e-39   5.84209048e-24   4.70820535e-11
  -5.70010660e-39   5.41279314e-06   2.12985058e-15   1.38001155e-07
  -1.81428635e-39   1.77488602e-07   2.30601018e-18  -3.16836105e-39
   5.48474945e-39   5.10663213e-11   1.14046739e-16   6.12369669e-11
   2.60136426e-11  -4.32553090e-39   2.82355755e-39  -9.11644143e-40
   1.00446404e-21  -5.11772136e-39   4.25405711e-09   9.93794551e-14
   3.90858970e-22   3.25408777e-16   2.76476888e-39   3.14594601e-16
   5.73618270e-19   7.90237692e-19   6.66391150e-13   1.08194593e-18
  -1.33077111e-39   1.87048779e-10   3.28167493e-23   1.81730474e-39
   5.70066292e-39   7.68245120e-11   1.93774223e-08   1.46893073e-39
   1.29659087e-12   1.09264426e-39   2.04213327e-39   8.01632405e-40
   1.99043388e-20  -1.74163462e-39   7.08723514e-40  -1.41165126e-39
   6.94150118e-17  -2.86644289e-39   2.28548430e-12   9.69285154e-40
   4.70081751e-11   5.62075885e-18   4.24319054e-13   4.85957301e-22
   1.29439526e-08   4.87002572e-09  -2.03844646e-39   1.00163760e-24
   3.70449821e-25   4.94296216e-07   5.42642040e-39  -4.08397087e-39
   1.87993858e-39  -2.27941234e-39  -5.09245034e-39   9.17445009e-17
  -5.62683551e-39   5.16294957e-15   7.52823492e-09   4.77296270e-41
  -1.42045001e-39   5.08838448e-19  -2.40092453e-39   2.29764323e-39
   1.72467492e-11   1.23080155e-14   2.19567495e-39   2.81870205e-39
   1.10430288e-26   6.48338414e-07  -3.78755561e-40   2.28724139e-40
   1.79486855e-39  -4.59756217e-40  -2.33142293e-39   2.95767154e-13
   7.45243728e-11   1.56328180e-11  -1.60797597e-40   1.06548464e-13
  -1.25084035e-35   2.29381692e-23   1.02485505e-39   4.74542416e-15
  -2.04096038e-39   3.44104813e-39   1.76297360e-40   1.98936738e-40
   3.37420619e-39  -2.79152527e-39  -1.70087085e-39  -8.31335728e-40
   1.73351506e-26   4.55711215e-20   1.18207083e-07  -6.49759883e-36
   2.48666566e-07  -6.06748222e-40   6.53293752e-40   4.84838940e-11
   1.57019697e-39   1.97416239e-06   2.14041118e-09   2.33114419e-17
   2.74390686e-31   5.36811747e-15   4.44874691e-18   8.79730972e-40
   3.21872629e-32  -1.11605295e-39   9.41142940e-18   7.67302042e-19
   2.23245483e-39   2.78492964e-14  -1.33599095e-39   1.45119037e-08
  -3.65209208e-40   3.29028905e-13   2.82810647e-14   3.02592174e-09
   8.98154734e-34  -1.11846379e-36   1.06662075e-39   2.57488854e-24
   2.57907581e-39   5.38630862e-10   6.01756070e-18   1.06172813e-08
   1.02128827e-15   5.42900440e-39   3.11468291e-39   1.90464347e-39
   2.09889587e-13  -3.53513551e-39  -5.27775805e-39   1.27996431e-17
   4.81123693e-15   3.46437079e-09   2.10551400e-39  -3.81671663e-40
   3.18348527e-39   1.06341510e-21   9.42952738e-09   5.98039757e-20
  -3.38283258e-40  -5.10359767e-39  -2.64670247e-40  -1.58017702e-39
   1.98269047e-15   1.76358146e-08  -4.21808494e-39   2.41556167e-11
  -3.28395416e-39   5.48182981e-17  -6.63341903e-39  -2.03091448e-39
   4.07620487e-39   3.46320464e-22   1.40605233e-16   5.88511626e-18
  -2.09025526e-39   3.07917681e-39   1.38461853e-09   1.05477764e-16
   4.77320820e-13   6.00978936e-39   1.97047647e-39   3.03672307e-39
   2.30994103e-39   2.44757926e-16   1.94948413e-08   1.42025115e-07
   4.83313726e-39   3.04014673e-38   6.42380016e-09   2.72653445e-39
   2.10546372e-11   5.91916169e-11   7.67471731e-23   2.95525825e-18
   6.50381550e-13   6.34092256e-19   2.03665606e-19   1.12415334e-10
   3.15699092e-39   1.60996669e-29  -3.06080299e-39   9.53292112e-09
  -2.55470723e-39   1.42969512e-24   2.90738829e-15  -2.71198056e-39
  -6.19812528e-39   6.49600069e-39   3.46441300e-13  -4.41528407e-39
   1.97413666e-39   8.01115251e-12   2.08939300e-21   1.47163384e-39
   2.66249511e-39   2.66409941e-16   1.74892978e-39   9.42516065e-11
   1.86513082e-17   4.50970946e-14   1.61158115e-10   1.44188013e-08
   2.41184485e-39  -5.94653335e-39   3.40838658e-13  -4.51456607e-39
   4.48996019e-16   5.17294553e-24   2.46049159e-09   1.40447270e-14
   3.26046700e-39   2.76059314e-11  -3.01531544e-39  -3.95015948e-39
   3.17854936e-25   4.22462076e-16   6.40771160e-16   2.00544868e-39
   7.44090661e-15   1.91822310e-05   1.34988409e-11   6.23268945e-17
   2.51022562e-20  -3.61381976e-35   5.82521075e-16  -4.61013602e-39
  -3.94216087e-40   1.22280944e-11   3.79181486e-09   4.05607993e-22
  -3.76845311e-39   1.60695863e-39  -2.54958829e-39   1.61607906e-25
   4.09702210e-08  -3.14723788e-39   1.02169913e-11   9.88062084e-07
   1.29651007e-38   2.19945285e-39  -2.56919666e-40  -2.70690226e-39
   6.54477413e-15   1.03345843e-09   1.29866877e-39   1.17036027e-39
   2.89916881e-39   2.36178206e-39  -4.11104536e-40   4.52027482e-09
  -2.13367590e-39  -1.95388370e-39  -6.79411993e-39   5.82445503e-40
   1.19830910e-08   1.45088214e-18   3.16521476e-09   2.36045643e-39
   2.06449552e-26   2.93137345e-39   7.84408923e-18   9.18333409e-10
   1.01174096e-14  -6.56103355e-40   2.50784473e-20   8.33405511e-32
   2.25020788e-39   3.69299178e-39   4.12629479e-11  -6.41330867e-40
  -2.47568100e-39   5.18545032e-39   6.38870887e-39  -1.95829779e-39
   5.49875119e-12   1.75122045e-30   4.18960117e-10  -1.85103119e-40
   3.21968361e-39   3.34678558e-39   1.31472557e-08   1.72687645e-11
   3.34974793e-39   1.41855013e-18   1.72084696e-16   3.01587484e-08
  -2.08815612e-39   1.25479527e-30   2.56763738e-19   4.29502183e-39
   3.20506208e-12   2.36498683e-39   5.84750754e-14  -1.26753752e-39
  -1.83816027e-39   1.23853861e-09   1.71480957e-39  -2.05521338e-37
   3.74285138e-39   3.47960205e-39   1.13029996e-16   1.40630305e-14
   2.17543836e-17   3.63334271e-39   2.07915079e-15  -2.41816611e-39
  -7.30401601e-40  -2.20792229e-39  -1.34354535e-39   2.00004527e-39
   2.95508202e-39  -2.76190743e-39  -3.26529307e-39  -1.63194098e-39
   1.95710949e-39   3.20831327e-18   4.87160496e-13   1.22148407e-07
   2.95277969e-39   5.30850375e-13   7.15209761e-21   5.05709308e-10
   1.74238177e-19   1.30870578e-10  -3.58297304e-39  -1.83791644e-39
   2.81177479e-13   2.33516580e-39   1.40841172e-09  -1.06265227e-39
   1.92960624e-13   5.94539409e-39   6.72277833e-09  -1.94022804e-39
   1.02819524e-11   1.66745829e-39   6.92974044e-31   3.41705199e-24
  -7.41810762e-36  -2.65910827e-36   6.80693783e-12   1.41437678e-39
   9.89158369e-40   1.57954363e-41  -1.46140156e-39   2.85119536e-39
  -4.37297607e-40   3.35526204e-39   5.86704961e-22   5.12691223e-10
   1.94133048e-24   4.24795362e-39   1.88568671e-39   3.21526671e-39
   1.23748364e-25   1.08821055e-39   8.14135159e-09   1.53927083e-13
   3.71817488e-09  -3.10891517e-39  -4.29948076e-39   8.97852564e-40
   9.35679214e-40   2.69555734e-39   7.49734035e-24  -4.94043468e-39
   2.84289407e-39  -1.09745212e-39   1.42077655e-24   3.39283225e-39
  -1.47290061e-39   6.38628650e-10   2.66475513e-25   6.40429202e-15
   1.29996931e-29   1.56264147e-26   3.02322837e-13   3.15111270e-09
   9.73746162e-14   1.96822879e-39   1.74843438e-11  -2.42155305e-39
   3.82299024e-39  -1.54950259e-39   1.85416266e-11   5.97028310e-22
  -1.58707270e-36   1.86293957e-18   1.39051808e-11  -2.67210101e-39
   6.26211417e-39  -1.25044728e-39   2.11610922e-39   1.60951724e-10
   6.34278972e-39   2.70456857e-09  -1.55286291e-40  -3.90974883e-40
  -1.29178279e-39   2.51918431e-39   2.67383582e-39   3.76886054e-19
  -1.86684905e-39   4.01674191e-13   4.33339079e-39  -2.15718828e-39
   1.04312981e-16   5.00255144e-40   7.45623296e-09   9.93547952e-11
  -3.93117889e-39   6.28836716e-09   1.92282463e-23   4.40548199e-39
   2.63371384e-39   1.23166428e-39   5.93620939e-17  -5.25206664e-42
   7.94843857e-07  -1.11975939e-39  -3.48183712e-39   2.44371598e-39
   8.90406325e-12   4.64228461e-39   6.51084885e-39  -3.13524977e-39
   2.72801504e-10   3.37695455e-10   1.23433344e-08   2.65057987e-39
   3.54879256e-39   1.43994628e-39   1.79159652e-39   8.04187772e-10
   1.59862231e-39   9.27405058e-17   4.13240038e-08  -1.20475514e-39
   2.08754515e-39   2.81683015e-06  -1.81482452e-35   4.13186846e-11
   1.78089761e-39  -6.38898353e-39  -4.28186364e-40   3.57466752e-06
   2.32835149e-12   9.18649234e-40   3.13451269e-39   3.75418203e-08
   9.46633165e-40   7.58109340e-23   2.87365346e-14   5.51709513e-19
   8.34104543e-25   6.61041531e-40   2.90356749e-39   2.43453648e-08
  -1.91041822e-39   2.90003201e-39  -2.49648608e-39   2.24436052e-21
   1.38805601e-14  -2.70950191e-15   7.10717562e-40   1.31108345e-27
   1.12853852e-39   2.04276946e-39   1.99991357e-14   2.57998105e-39
   8.81477738e-11   2.60223548e-12   5.13711983e-16   1.14676368e-06
   2.77748426e-39   4.93528385e-10   2.66371398e-14  -1.74132914e-39
   1.17549705e-31   4.53995899e-39   5.57772939e-10   9.94396143e-20
   2.29623352e-39   8.16310908e-10   7.39954642e-16   7.43774888e-14
   7.86137756e-13   1.47696168e-20   2.32305633e-10   2.62016609e-39
   7.34112020e-16   5.14601156e-16   7.13590732e-12  -2.13618562e-39
   5.72603109e-13  -2.04932754e-39  -1.48815234e-39   3.63689500e-39
   3.71042063e-15  -1.34562778e-11  -1.02826441e-39   1.77258531e-13
   2.00889167e-39  -1.22144321e-39   1.95639342e-39   2.83686269e-12
   2.88341768e-15   1.08447153e-14   5.91466782e-39   1.54269338e-13
   1.24221727e-11   1.48544800e-07   1.52772309e-10   3.87493162e-21
   3.95371037e-39   2.42853992e-39   4.15894608e-24   4.10645891e-39
  -1.43315558e-39   5.26386558e-40   1.91448619e-39   3.94423339e-39
   4.56611172e-11  -2.81632125e-39   2.34729765e-33   2.47266541e-39
   4.02766931e-13  -4.94295842e-39   3.06342329e-08   1.19582280e-15
   6.65517530e-10   1.00008299e-14   7.35538692e-13  -1.24090921e-35
  -5.62854509e-39   9.16505222e-30   5.03723582e-12  -3.66871709e-39
   2.87530750e-39  -2.68986635e-36   2.36567255e-09   2.69747993e-39
   6.34810455e-13   7.87398341e-11   1.97568930e-39   2.09904701e-39
   3.02798037e-39   2.57282041e-39   3.25355845e-13  -7.25101890e-41]