[[[[ -8.11100839e-11  -2.55840762e-14   1.99158535e-07  -2.49641210e-11
     -3.17964711e-39   1.11558982e-27]
   [  9.91333101e-13   1.95275979e-12  -2.08248849e-08   1.55685616e-08
     -1.41251306e-39   1.44944900e-27]
   [  1.76606874e-12   2.47186332e-13  -1.24315802e-08   1.80177512e-10
      2.32602933e-40   3.10745474e-28]]

  [[ -3.27070185e-13   7.90890333e-16   3.20251871e-07   7.22264082e-10
     -3.42628265e-39   8.74105646e-28]
   [  2.85754222e-14  -1.40962003e-14   1.10502025e-08   4.79668527e-11
     -8.01678648e-40   3.81845194e-27]
   [ -1.87967250e-13   5.45386609e-12   2.61324065e-08  -1.02215583e-10
      1.78261980e-40   2.39831602e-28]]

  [[  3.88294735e-12  -7.31531365e-15  -2.01585451e-08  -5.50015805e-12
     -5.42357296e-39   1.31549614e-27]
   [  5.65354152e-11   2.37641486e-11   8.04856768e-08   5.02106308e-11
      1.96573168e-39   8.10658291e-28]
   [ -4.88882616e-14   4.26600588e-14  -9.07145736e-09   1.26976291e-10
      6.14445555e-40   2.49454583e-28]]]


 [[[  4.08817674e-10   3.28991070e-15  -4.19810098e-09  -3.02116622e-12
     -5.32971680e-39   2.98099381e-26]
   [  4.33056965e-13   4.22754567e-15  -3.78985909e-09  -4.35927371e-11
      1.00458807e-39   3.13399045e-28]
   [  1.24939538e-11  -3.93605755e-16   6.26591714e-07   1.20630363e-11
      1.06928602e-39   1.25494329e-28]]

  [[  1.00028492e-10   2.96561583e-14   3.38220385e-09  -2.84585439e-10
     -2.56013866e-39   5.82468238e-28]
   [  1.42500988e-13   6.68350737e-13  -6.29108854e-09  -2.31598754e-10
     -1.17060410e-39   9.86716888e-28]
   [ -5.21182273e-12  -1.60980170e-11   2.19946500e-07  -7.40615208e-11
      5.46509204e-39   9.27627432e-28]]

  [[  5.52575618e-13   4.17144109e-14   2.33292035e-08  -8.48658036e-12
     -1.07831318e-39   7.15635845e-28]
   [ -7.05699475e-12   4.30832074e-13  -1.44016876e-09  -6.50225151e-11
      4.81438508e-40   6.70936070e-28]
   [  1.11828021e-13   1.03039195e-14   1.29229720e-08   9.42596134e-09
      1.88500147e-39   2.86130164e-28]]]


 [[[  6.82334744e-10  -5.85883669e-15   8.77518502e-08  -1.36570087e-11
      1.17247764e-39   4.66596444e-28]
   [ -4.54304268e-11  -3.26827595e-13   1.16839436e-08   3.59236774e-09
      5.08377070e-41   2.72509915e-28]
   [ -2.92886375e-14  -9.15852151e-16   5.36081901e-10   6.73705466e-11
      4.73424342e-39   3.06800640e-29]]

  [[ -4.86581220e-10   2.72880600e-15   2.09234550e-08   6.44513665e-10
      1.94335014e-39   3.94715129e-28]
   [  1.57821811e-11  -8.87634638e-13  -9.66007789e-08   5.78821169e-09
      5.59610924e-39   5.09797171e-28]
   [  1.63656022e-13  -4.43285164e-15  -6.70479006e-10  -1.23501070e-10
     -8.31442227e-40   4.05377775e-28]]

  [[  3.43708634e-12  -2.66625090e-12  -8.79298856e-09  -7.49022025e-11
      2.64621202e-40   6.12921523e-28]
   [ -3.00122665e-12   3.38713737e-15  -7.94658888e-07   7.82123064e-12
     -2.00428700e-39   8.31975062e-28]
   [  5.59132685e-10  -9.88087735e-15   3.75256946e-08  -2.02659800e-09
      2.45521924e-39   6.95664529e-28]]]]