[[[[ -2.98089321e-06   5.21178212e-39   2.40488203e-06   2.28693042e-09
      3.22394931e-22   2.51514297e-39   3.18979692e-05   1.05012134e-07]
   [  1.69358461e-09  -2.16113294e-39   2.99823319e-06  -4.44959824e-12
      1.12511316e-21   6.59432560e-39   4.17999750e-08   8.39948378e-09]
   [  2.02058854e-05   4.83068499e-39   2.51041706e-06   1.44128833e-08
     -7.17571505e-17  -3.24669784e-39   2.33223709e-05   6.35095176e-08]
   [ -2.47191956e-09  -5.96702594e-39   7.85368172e-07   2.24519882e-12
      5.16411162e-23  -6.19110197e-39  -2.70811817e-08  -3.42906051e-11]
   [  1.50714527e-34  -5.16751370e-39   5.18675352e-39  -2.30012583e-36
     -4.19435255e-39  -4.41531490e-39  -3.33751107e-36  -3.21025039e-35]
   [ -7.63169373e-06   5.34511426e-39   2.58662494e-05   1.40971702e-06
     -4.75833082e-15  -4.06310413e-39   4.41893324e-04   3.32678155e-06]]

  [[  3.66076165e-07  -6.25604515e-39   6.84204053e-07   8.39571301e-10
      1.93451980e-19   2.87996262e-39   9.34815762e-06   3.05351705e-07]
   [  2.51459618e-08  -4.89990913e-39   1.24188119e-07  -7.19407450e-11
     -4.75480862e-24   4.54143036e-39   3.77757601e-07  -6.66733704e-13]
   [  2.52332164e-08   6.37326797e-39  -1.28857582e-05   4.18543316e-08
     -4.19608819e-16   2.38923350e-39  -2.05951037e-05   1.56407296e-07]
   [ -1.35509532e-08  -1.90328842e-39   1.88758051e-07  -5.44923329e-10
      6.22186478e-25   1.76952467e-39  -3.59117308e-07   2.04249573e-09]
   [  1.53060052e-34   3.48525909e-39   1.56516350e-39  -7.30925216e-37
      4.42501609e-39  -6.22392038e-39  -3.76067397e-36   8.85851079e-36]
   [  5.24063239e-07  -1.88934269e-39   3.84537962e-05  -4.02019532e-06
     -5.93014585e-15   3.03384341e-39  -1.92427309e-04   4.92015079e-06]]

  [[  1.73296854e-07  -2.22163260e-40   5.30310308e-06   2.95547324e-07
      1.93394617e-20  -2.32390777e-39  -5.51000483e-07  -7.72504372e-09]
   [  2.21089877e-07  -2.65290742e-39   6.37975930e-08  -5.66228626e-11
     -1.18715678e-25   6.24078220e-39   5.60316630e-06   1.40583518e-08]
   [  1.21285510e-07   3.84152101e-39  -2.68326744e-06   2.46436684e-07
      4.54428776e-17   3.13917621e-39  -3.87912041e-05  -7.72107433e-06]
   [ -1.43487622e-08  -4.18768237e-40  -2.34669528e-08   1.45857319e-11
      5.68520190e-23  -4.56813210e-39  -1.17481989e-07   3.32621708e-10]
   [  1.66845088e-34   1.66883717e-39   1.95947208e-39   3.92840397e-36
      4.59752854e-39  -4.28012603e-39  -2.31127236e-36  -2.64870962e-35]
   [ -3.13447026e-06   4.45323123e-39  -8.89202274e-05   3.90117611e-06
      3.40975349e-14  -2.97831135e-39   9.72850394e-05   2.38272173e-06]]]


 [[[  3.11765632e-07  -1.87837613e-39   2.51388883e-06  -4.65677219e-10
     -3.62558923e-19   1.33196362e-39  -1.59813723e-07   4.33288072e-09]
   [ -1.06853353e-08  -4.86406952e-39  -2.25742056e-07  -1.04491882e-09
      3.96852040e-27   5.23916209e-39  -2.60663967e-07  -2.20634233e-10]
   [ -3.40136808e-06   3.47516414e-40  -9.89564160e-06  -1.74160313e-08
      7.76276050e-17   2.33070967e-40  -2.15229593e-05  -4.14050874e-07]
   [ -4.25521307e-09  -1.11587218e-39  -2.90807627e-08  -5.16536195e-13
     -4.64378182e-29   4.12155510e-40   1.52391323e-07  -1.11853950e-10]
   [  1.62174093e-34   2.75831730e-39   2.75019537e-39   1.24802170e-36
      4.32701067e-39  -1.54975763e-39  -4.15505936e-36  -1.54662398e-35]
   [  8.84958172e-06  -1.66350943e-39  -5.82937391e-05   2.47866694e-07
      1.64542164e-15  -8.08819665e-40  -4.82502874e-05  -3.73615109e-07]]

  [[ -7.98748897e-06  -3.46337782e-39  -2.17827483e-06   2.91289459e-09
      1.07168931e-18   1.43569053e-39   5.25110318e-06  -7.78887284e-08]
   [ -2.89348403e-08  -4.55540551e-39  -2.60470348e-08   4.90207819e-10
     -3.79785620e-26  -2.18283765e-39  -6.86744954e-07   1.07190656e-09]
   [  2.01576495e-06   4.18521749e-39  -6.81110832e-05  -1.51184789e-08
     -6.47857186e-17  -2.59499176e-39   5.67938878e-06   3.41023849e-07]
   [  1.08901110e-08   3.68818533e-39   8.85608031e-08   1.20380867e-11
     -5.25526939e-29  -1.72253633e-39   1.80336201e-07   7.60969121e-10]
   [  1.50682592e-34  -1.58736568e-39   3.39532376e-39  -2.67550396e-36
     -1.03120153e-40   5.49081848e-39  -2.90888163e-36  -1.98063222e-35]
   [ -2.50751400e-05   6.01378166e-39   5.39417451e-05  -1.22073868e-06
     -5.50478073e-15  -3.23374564e-39  -8.12867584e-05  -1.80560085e-06]]

  [[  5.16228795e-07  -3.14282519e-39   1.19849083e-05   1.87791585e-07
     -7.77281976e-20  -2.35761040e-39   2.21609989e-05  -4.72179345e-08]
   [ -1.19717720e-08  -2.31832640e-39   2.98856577e-07   3.57648611e-12
     -2.03040569e-21   3.41752313e-39  -4.42725559e-06  -1.59567040e-10]
   [  8.78630715e-07  -3.19405526e-39  -4.06397385e-06  -2.37268036e-08
      2.64825751e-16   2.78432400e-40  -1.07402084e-05  -1.88615445e-07]
   [  1.42881653e-08   4.18044466e-39  -1.26525583e-06  -1.38376330e-13
      4.74590199e-24  -2.53732973e-39   2.96804501e-07   2.33516973e-11]
   [  1.52531091e-34  -2.24541123e-39  -5.38373265e-39  -5.87205086e-37
      3.15188318e-39  -1.21741027e-39  -3.71201335e-36   1.86848429e-35]
   [  3.41018967e-05  -3.37593960e-39   1.00295460e-04   2.78434044e-07
     -4.43596872e-15   2.47517233e-39  -2.55881983e-04   1.82123938e-06]]]


 [[[  2.83885441e-07   5.41197302e-39  -2.59441549e-06   7.31193737e-08
     -3.35692511e-20  -2.75242484e-39   1.64128560e-05  -1.74189339e-08]
   [ -2.37311042e-08  -6.67693355e-39  -8.09788006e-08  -4.42897281e-11
     -1.24975212e-26  -9.99310776e-40  -2.94845518e-06  -3.32906133e-11]
   [  8.70457768e-07  -1.68224760e-39  -1.28818456e-05  -1.29148788e-07
     -2.44557957e-15  -3.47020494e-39  -4.74952776e-06  -9.63988995e-08]
   [  4.94598695e-10   1.46749440e-39   1.75653952e-07  -1.93599831e-10
     -2.08860317e-25  -4.98510668e-39  -1.57932945e-07  -1.15879945e-11]
   [  1.56985537e-34  -6.80939689e-39  -5.99139171e-41  -1.80331875e-36
      8.94776714e-40  -3.34174371e-39  -2.00468583e-36  -5.02656135e-35]
   [  5.10679592e-06   4.26411619e-39  -1.34681279e-04  -1.39010649e-06
      2.17067660e-14   1.25389518e-38   7.42179400e-05  -3.10574724e-05]]

  [[ -2.28675134e-07   9.12183643e-40  -5.47019818e-06  -4.61321505e-08
      2.00159868e-16   2.73977672e-39  -4.69407178e-06   3.74365472e-09]
   [ -6.34704236e-08  -6.73651676e-39  -9.42237577e-08   1.24839117e-09
     -5.37846375e-23   6.02261264e-40   4.83782721e-08   3.71515874e-10]
   [  1.34196916e-05  -1.01601145e-39   6.43814419e-05  -7.65965211e-08
      1.59877684e-17  -2.62060609e-39   1.32549918e-04   2.19935473e-07]
   [ -6.77590783e-09   3.87286666e-39   3.20059867e-09   6.11670523e-12
      9.47252973e-24  -3.70838084e-39  -5.68723166e-08  -3.07376319e-10]
   [  1.51913543e-34   4.49928210e-39  -4.63318318e-39  -2.65721972e-36
      3.18063923e-39   3.79258487e-39  -1.74438225e-36   9.36779960e-36]
   [  1.23948548e-05  -3.54489976e-39   4.24766949e-05  -4.90297225e-08
      7.66796759e-17  -2.41645372e-39   4.37908202e-05   3.19568380e-06]]

  [[  1.11137124e-05  -1.31554741e-39  -2.08471174e-05  -3.54093782e-10
      9.90902920e-20  -1.09264846e-40  -5.72800991e-06  -1.71232468e-08]
   [ -1.87237674e-07   6.88891357e-39  -1.46828782e-07   2.86633717e-10
     -1.74657117e-27   6.79475612e-40   1.63934892e-08  -2.01602610e-10]
   [  2.76027004e-06  -4.30627426e-40   4.73927230e-06  -6.27362073e-09
     -1.22930485e-14   2.66287626e-39   9.44978638e-07  -7.32120895e-07]
   [ -3.07002979e-09   3.20633764e-39  -1.71319357e-07  -1.76702236e-10
     -3.91092864e-28  -6.69378416e-39  -1.21264051e-07   1.18909205e-09]
   [  1.50352937e-34  -2.15936170e-39   2.75944955e-39  -2.05640339e-36
      4.65572867e-39  -3.64183178e-39  -2.61385938e-36  -3.48747535e-35]
   [  4.87368334e-06   3.07855744e-39  -3.64665939e-05  -3.15860746e-07
     -1.53803808e-15  -2.61087267e-39  -4.07445032e-06  -1.09602047e-06]]]]