[[ -5.62034966e-03   5.48677379e-03  -3.79447229e-02   5.82257344e-04
   -2.30524000e-02  -8.43093991e-02  -9.14125796e-03  -5.97041566e-03
   -3.10496864e-04  -4.28353399e-02]
 [  2.35309936e-02  -6.09240681e-03  -6.29211813e-02  -2.32351664e-03
   -5.86894853e-03   1.21164015e-02   1.30532365e-02   5.53799886e-03
    1.57704799e-05  -3.46407108e-02]
 [ -5.36728464e-03  -3.70146194e-03   1.27037819e-02   4.97786852e-04
   -8.38090084e-04  -3.02391555e-02  -2.58503342e-03  -3.78571753e-03
    7.33483583e-04   1.02677988e-02]
 [ -6.29579201e-02   4.15766891e-03  -1.29592428e-02   1.47080538e-03
   -1.60554200e-02   4.30342332e-02  -1.38698844e-02  -1.36530638e-04
   -5.16731176e-04   8.47749587e-04]
 [ -8.70578922e-03  -1.94008288e-03  -8.36762786e-03   1.13676232e-03
   -4.82331123e-03   2.43606195e-02  -1.02059254e-02  -7.06706615e-03
    1.39775177e-04  -4.21093218e-03]
 [  4.81418818e-02  -4.54415800e-03   3.24923210e-02  -2.72813504e-05
   -2.98390700e-03   3.61522101e-02  -1.38675433e-03  -2.87310127e-03
    5.58528351e-04   6.84397295e-03]
 [ -5.75002702e-03  -1.77517626e-03  -5.56366472e-03  -3.68810070e-05
   -7.81681272e-04   4.47015744e-03  -1.11158343e-03  -3.00889864e-04
    3.06221453e-04   8.52383615e-04]
 [  1.19280368e-02  -4.45430254e-04   1.41171478e-02   7.45509868e-04
    1.08373945e-03   1.35982381e-02  -4.22405545e-03  -9.98733216e-04
    6.50069269e-04  -2.30658427e-03]
 [ -2.62995698e-02  -2.61231177e-02   8.85539688e-03  -5.15059510e-04
    8.09290726e-03   4.06374559e-02  -2.91017219e-02  -1.99850034e-02
    1.71147974e-03  -2.32970789e-02]
 [ -6.61295466e-03  -8.81379377e-03   2.59248279e-02   7.13209389e-04
   -9.47203953e-03  -2.53515802e-02  -1.18467780e-02  -7.39295501e-03
    1.29570602e-04  -3.36467847e-02]
 [ -6.47051912e-03  -2.98175914e-03   4.38899640e-03   7.90613587e-04
   -1.90317445e-03  -1.92167480e-02   1.90989010e-03  -5.74910175e-03
    1.27905677e-03   1.62214618e-02]
 [ -2.77228579e-02   1.64781790e-03  -8.43071267e-02  -2.40981914e-02
   -2.43477784e-02  -6.48657829e-02   1.04082166e-03   1.59049593e-02
    5.78723848e-03   3.24853808e-02]
 [  1.77928824e-02  -1.33634417e-03  -2.94891070e-03   4.65035992e-04
   -2.57105974e-04   6.47708133e-04   8.33394763e-04  -2.41142698e-03
    3.57362034e-04  -7.97266955e-04]
 [ -3.92876528e-02  -5.26034869e-02  -5.43700978e-02   1.82133494e-03
    3.35144065e-02  -5.55179454e-02  -6.45343512e-02  -1.16510997e-02
    5.46886213e-03  -3.15856263e-02]
 [ -1.04179680e-02  -2.91646761e-03   4.10275422e-02   2.71008280e-03
   -1.65386945e-02  -3.51538919e-02   8.04684777e-03  -5.11797471e-03
    2.61055282e-03  -6.52462337e-03]
 [ -3.33543271e-02  -3.61413718e-03  -6.13315143e-02  -4.68536699e-03
   -3.96367721e-02   6.70245662e-02   2.18083616e-03  -2.02753786e-02
   -2.60837656e-03  -9.17700380e-02]
 [ -8.02093595e-02   6.55782269e-03  -3.16541977e-02   5.60192252e-03
    1.24130491e-02  -1.06376335e-01  -2.59902477e-02  -2.56681275e-02
    2.55466159e-03   1.98403727e-02]
 [ -1.03464480e-02  -3.56975175e-03  -4.67002066e-03   3.25932226e-04
   -2.63467059e-03   1.93326883e-02   1.39208662e-03  -2.46221828e-03
   -1.18747175e-05  -1.07466606e-02]
 [  2.67196931e-02  -4.14707931e-03   3.40217799e-02   1.79381773e-03
   -1.66735193e-03   5.72302677e-02  -2.39242869e-03  -3.61627690e-03
    1.36208488e-03  -2.48897914e-02]
 [ -3.01665552e-02  -9.09105700e-04  -2.30935831e-02   1.77706432e-04
   -1.09992409e-02  -3.66229005e-02  -5.20307804e-03  -1.24267759e-02
   -4.98358742e-04  -2.24278010e-02]
 [  2.66779605e-02  -4.90688207e-03   5.71456514e-02   7.76368426e-04
   -6.20263908e-03  -2.22039241e-02  -1.77120767e-03  -2.80528353e-03
    1.69053790e-03   7.01298844e-03]
 [ -1.51341902e-02  -2.95054330e-03  -5.82329258e-02   3.01749655e-03
   -4.01103310e-02  -8.73547699e-03  -1.14459498e-02  -2.62924526e-02
    1.94073204e-04  -2.18888302e-03]
 [  1.63791720e-02  -1.77459922e-02  -6.22302331e-02  -3.81803792e-03
   -1.52357677e-02  -2.59451885e-02   4.10505803e-03  -3.04026064e-04
   -1.93401065e-04  -1.43478364e-02]
 [ -4.33312468e-02   1.70215280e-04  -2.26191506e-02   2.90145073e-03
   -3.13208729e-04  -8.46107677e-02  -2.65806802e-02  -2.74583511e-03
    7.82598858e-04   3.72631028e-02]
 [ -7.21373921e-03  -1.79225590e-05   5.36618661e-03   6.86557087e-06
    3.09232366e-03   8.61270074e-03  -4.51217173e-04  -2.38380046e-03
    8.15073261e-04  -1.84145905e-02]
 [ -1.92383155e-02  -6.03356212e-03  -8.45506042e-03  -1.24526082e-03
   -7.47710932e-03  -5.62496185e-02   6.33961521e-03   8.00505746e-03
    1.80658535e-03   9.61621013e-03]
 [ -8.98157358e-02  -2.96839536e-03  -9.96955037e-02  -5.59008028e-03
    7.80717842e-03  -9.63583309e-03  -5.96655197e-02  -2.06100028e-02
   -1.47735002e-03   2.50200331e-02]
 [  7.94925790e-40  -1.97781788e-39  -2.10584050e-39  -1.23091879e-39
    2.77129052e-39   1.42023141e-39   1.70804270e-39   8.32665560e-41
   -1.79694247e-39  -9.35696030e-40]
 [ -2.82893199e-02   2.16047186e-03   8.67237896e-03   2.27933400e-03
   -1.23735843e-02  -3.34439911e-02  -1.27751171e-03  -4.28181887e-03
    1.52060133e-03   2.13474724e-02]
 [ -3.49138491e-02   1.45098409e-02  -2.69531719e-02   4.93991282e-03
   -1.05725164e-02  -2.53783427e-02  -2.62495931e-02   1.42299384e-03
   -3.10975430e-03  -1.95275173e-02]
 [ -3.80929336e-02  -6.86682109e-03  -4.51765507e-02   5.78828622e-03
    4.49220184e-03  -6.36137202e-02  -2.13561077e-02  -1.58003755e-02
    6.35024917e-04  -1.63257029e-02]
 [ -2.54171547e-02  -5.58601245e-02  -7.48229474e-02  -2.74047931e-03
   -4.02664430e-02  -4.41857278e-02  -1.06231188e-02   1.93410355e-03
    7.45951012e-03   7.05594346e-02]
 [ -5.66605330e-02   3.53215188e-02  -2.50128508e-02  -2.72346428e-03
   -2.27312110e-02  -1.16038419e-01  -4.87602055e-02   3.09510417e-02
   -1.28078759e-02   6.71248212e-02]
 [  6.53163716e-02   1.92554984e-02   2.28401758e-02   1.47570367e-03
   -2.52524205e-02  -6.06808588e-02  -4.32483153e-03  -8.07100069e-03
   -3.66542213e-06   2.72091050e-02]
 [ -5.35039417e-02  -1.96155556e-03  -7.08735920e-03   2.84853880e-03
   -1.19511532e-02  -2.94749788e-03  -2.98681832e-03  -7.84378685e-03
    1.98915368e-03   4.55643842e-03]
 [ -3.67983989e-02  -7.03008007e-03  -4.52211453e-03   1.34854019e-02
   -2.20038556e-03  -3.08698621e-02  -2.99716229e-03  -3.71313579e-02
    6.90466259e-04  -4.33618156e-03]
 [  3.83719690e-02  -3.13831940e-02  -7.73257837e-02   4.43949597e-03
   -1.83936618e-02   2.57069450e-02   8.95882305e-03  -7.27040111e-04
    1.03135686e-03  -3.24660763e-02]
 [ -1.29590845e-02  -6.25944929e-03   2.51263995e-02   4.95988701e-04
   -1.54173505e-02   4.88339067e-02   1.95538327e-02   2.53198552e-03
    7.66444020e-04  -3.56818293e-03]
 [  2.00483687e-02  -4.75283852e-03  -2.45821513e-02   1.89383829e-03
   -4.54413984e-03  -7.13409856e-02  -3.10578966e-03  -4.83754463e-03
    1.33971416e-03   2.23217458e-02]
 [ -2.79063955e-02  -1.18606705e-02   2.60089878e-02  -2.51869881e-03
   -7.90694635e-03   2.37949695e-02   8.58440157e-03  -4.37934510e-03
   -1.32801326e-03  -1.63980406e-02]
 [  1.40184350e-02  -8.12637154e-03  -1.38923060e-02  -6.09392533e-04
    1.28562679e-04   2.30307574e-03  -2.02678423e-03   1.39763660e-03
    1.12172289e-04   6.01712009e-03]
 [ -1.07505649e-01  -4.23285551e-02  -2.02032980e-02  -1.55102564e-02
   -3.11435834e-02   1.04386911e-01  -2.27918755e-02  -3.80989388e-02
   -7.32813356e-03  -5.42840101e-02]
 [ -2.86280538e-05  -5.82416124e-06  -2.05351549e-04  -9.48175050e-09
    9.82377468e-09  -6.64783511e-05  -1.20456525e-06  -2.52713022e-07
    1.11893411e-10  -1.02469812e-07]
 [  2.56354790e-02  -4.01656050e-03   5.33630550e-02  -7.59529008e-04
   -4.75104025e-04   1.99429616e-02  -4.19005891e-03   6.86357598e-05
    5.12473576e-04  -1.05558902e-04]
 [  2.53331047e-02  -3.01439874e-03   3.15471133e-03  -2.36876332e-03
   -1.06385269e-03   6.55770898e-02   2.08037384e-02  -1.36382757e-02
   -8.82653403e-04  -5.60361426e-03]
 [  1.09062688e-02  -5.02833771e-03  -2.40248023e-03   6.72518567e-04
   -2.94921501e-03   3.91785279e-02  -2.76892283e-03  -3.84383230e-03
    5.52470912e-04   4.04362939e-03]
 [ -1.28300665e-02  -4.30141054e-02  -7.73399547e-02   1.24630136e-02
   -3.11958510e-02   4.30715532e-04  -2.18094401e-02  -3.35993581e-02
    1.33997770e-02   4.06460315e-02]
 [ -1.87188871e-02  -8.96043796e-03   4.04284894e-02   2.28771984e-04
   -2.53377343e-03   4.85043693e-03  -9.46095586e-03   4.86550806e-03
    3.54002492e-04  -1.36160301e-02]
 [ -2.09364109e-02   3.40997726e-02  -1.26093638e-03   4.67994716e-03
    9.13545769e-03  -3.31030153e-02   8.08900129e-03  -1.99426059e-02
   -8.76196485e-04   4.52496037e-02]
 [  5.66335097e-02   6.54204399e-04  -8.99319444e-03  -2.13109027e-03
   -5.61287906e-03   1.24988640e-02  -3.22163512e-04  -5.77425165e-03
    3.47077294e-04  -1.57787800e-02]]