[  7.34397769e-02   4.48495075e-02   2.77150497e-02   5.14110401e-02
   2.96446513e-02   3.92524227e-02   7.08829239e-03   1.14492616e-02
   3.45873423e-02   4.54334430e-02   1.93365514e-02   7.76380375e-02
   1.19502414e-02   7.86705986e-02   5.01241535e-02   7.25620687e-02
   7.58258849e-02   1.26615549e-02   2.86616068e-02   5.23030423e-02
   3.05239614e-02   7.57870227e-02   5.59526086e-02   5.81754372e-02
   1.82973109e-02   5.01463003e-02   8.97299871e-02  -3.45559641e-39
   3.77526209e-02   5.24417758e-02   6.63040355e-02   6.63535148e-02
   7.15132132e-02   4.83743846e-02   4.67146598e-02   5.68310358e-02
   6.36346117e-02   2.34390087e-02   4.63915877e-02   3.37819979e-02
   2.51237415e-02   8.57965127e-02  -9.80981622e-06   2.46631019e-02
   4.06963639e-02   3.76045033e-02   7.14720190e-02   2.86301989e-02
   3.24581191e-02   4.91126031e-02]